1000
79 87 63
173 147 179
252 277 278
375 397 180
484 415 179
551 554 506
606 693 167
711 785 209
804 879 552
967 957 394
1002 1071 150
1120 1159 81
1253 1233 40
1390 1351 1131
1402 1480 437
1597 1524 1492
1607 1640 1145
1723 1742 3
1824 1863 511
1965 1991 1867
2055 2046 533
2110 2151 1817
2237 2236 2059
2317 2322 1084
2416 2455 2243
2562 2520 621
2600 2653 1347
2780 2789 711
2817 2815 2419
2976 2995 843
3086 3069 2414
3154 3129 57
3234 3235 519
3323 3351 2829
3482 3401 1738
3556 3582 614
3647 3653 1290
3778 3712 932
3801 3871 1377
3967 3982 2902
4034 4040 3357
4103 4169 1
4243 4289 184
4353 4370 1397
4456 4471 2093
4504 4597 2959
4674 4637 1622
4788 4734 1230
4861 4836 759
4935 4954 22
5055 5043 3361
5148 5185 4952
5265 5292 4789
5365 5302 1923
5460 5447 171
5565 5584 1661
5612 5604 2807
5773 5710 4883
5864 5850 3238
5906 5903 2856
6075 6008 3244
6104 6145 4290
6289 6258 4942
6331 6387 3500
6420 6467 3191
6572 6536 3403
6631 6672 2023
6742 6728 3194
6860 6856 3795
6971 6906 1487
7031 7015 2495
7179 7111 2153
7255 7243 5220
7322 7313 502
7424 7479 3657
7533 7517 5656
7688 7672 2293
7749 7775 3717
7851 7876 4733
7941 7970 5556
8018 8053 4306
8183 8125 7478
8210 8275 7049
8320 8332 7407
8476 8469 6146
8583 8559 4001
8661 8669 4488
8790 8740 5245
8802 8866 5288
8920 8954 2129
9072 9014 2232
9161 9145 201
9272 9285 7910
9361 9352 3640
9461 9436 2640
9543 9545 5609
9649 9642 1387
9768 9706 1937
9818 9836 8261
9936 9947 9381
10011 10092 9672
10140 10113 1409
10258 10236 5555
10328 10320 8631
10413 10497 9668
10581 10512 13
10629 10688 5941
10762 10770 5102
10828 10891 406
10962 10962 5952
11054 11080 641
11186 11155 9973
11232 11245 9157
11328 11335 7942
11456 11419 5978
11549 11594 5119
11659 11644 7614
11739 11742 6816
11813 11899 5599
11900 11972 3889
12051 12042 7315
12142 12179 8876
12200 12204 6807
12317 12371 6984
12496 12424 10585
12598 12577 4241
12632 12696 6259
12790 12763 9231
12894 12864 12821
12993 12979 10817
13060 13068 13045
13148 13183 7327
13251 13235 7056
13321 13332 3709
13433 13400 10750
13574 13520 2906
13649 13610 9062
13735 13786 4973
13868 13873 3141
13921 13936 4470
14023 14056 6493
14145 14103 8776
14245 14270 1553
14363 14360 9931
14481 14403 12529
14563 14593 10607
14697 14628 671
14755 14790 89
14854 14803 12086
14963 14942 10079
15011 15069 7733
15148 15152 9089
15243 15214 1857
15332 15303 7735
15403 15412 1745
15534 15502 1879
15668 15688 14714
15783 15721 3173
15887 15889 8336
15954 15907 1611
16087 16079 7602
16161 16195 9028
16200 16284 5513
16306 16320 13083
16401 16414 5575
16518 16549 8923
16652 16687 13019
16728 16732 13223
16804 16841 10773
16939 16990 1711
17058 17084 4049
17154 17126 6252
17235 17217 15067
17351 17382 3151
17408 17420 2530
17553 17568 15182
17667 17682 15576
17762 17746 5823
17856 17825 15646
17957 17928 11206
18074 18093 4404
18193 18107 5922
18245 18216 341
18397 18373 15519
18424 18403 16622
18572 18502 3263
18638 18642 7703
18757 18798 6945
18839 18851 13019
18915 18901 8802
19053 19054 7946
19107 19124 12792
19249 19225 17101
19338 19387 524
19467 19475 6877
19553 19577 5916
19677 19601 17549
19727 19790 16311
19830 19866 10804
19948 19957 3543
20020 20013 19030
20127 20169 14931
20276 20254 9430
20302 20386 9790
20486 20409 1407
20539 20584 2602
20685 20621 17085
20792 20738 15155
20858 20879 11592
20962 20975 2348
21098 21081 1284
21148 21178 2993
21241 21263 7991
21314 21359 17817
21420 21424 18691
21566 21505 17166
21610 21664 17660
21750 21769 4651
21873 21893 8329
21909 21971 10437
22030 22068 17282
22112 22113 7282
22292 22285 19185
22333 22300 5713
22438 22477 6181
22521 22577 10597
22618 22690 6311
22797 22706 17371
22826 22800 4415
22914 22992 14309
23080 23056 21697
23152 23126 14044
23221 23207 13276
23337 23363 21104
23493 23444 14608
23555 23524 14887
23646 23627 9051
23757 23710 13085
23834 23895 13491
23994 23948 17033
24015 24025 5254
24131 24194 10256
24219 24232 12846
24306 24396 11507
24476 24451 18361
24500 24572 15584
24695 24611 22575
24711 24743 3591
24818 24818 5504
24937 24992 4387
25099 25023 24742
25117 25129 2218
25205 25230 14928
25314 25388 15204
25472 25439 13824
25509 25526 7600
25601 25604 16858
25776 25771 17103
25821 25826 19993
25958 25939 18535
26089 26026 19754
26192 26109 24760
26255 26264 4287
26326 26356 19503
26457 26490 7772
26569 26560 16661
26612 26656 21780
26726 26780 7248
26866 26847 3619
26991 26966 2075
27037 27040 14711
27100 27141 13733
27273 27260 1104
27371 27316 26116
27443 27455 16528
27582 27502 16923
27677 27684 5644
27788 27707 5039
27869 27899 4621
27985 27906 3945
28006 28087 15690
28114 28151 23985
28251 28216 16673
28359 28370 22633
28440 28449 11534
28523 28544 14467
28687 28687 22394
28728 28775 6646
28825 28846 1457
28929 28902 23420
29066 29085 28816
29101 29174 19954
29234 29256 1972
29300 29347 10502
29464 29403 13524
29516 29581 4331
29619 29684 26354
29792 29768 16287
29897 29893 9145
29974 29978 9341
30033 30079 15741
30183 30128 15468
30210 30219 3724
30307 30336 19449
30401 30418 28563
30589 30552 16552
30638 30624 28885
30706 30773 18900
30831 30840 18356
30925 30955 13236
31040 31083 180
31166 31186 2570
31255 31269 3515
31394 31323 30042
31433 31422 10209
31559 31524 17880
31600 31680 1871
31763 31756 12180
31854 31870 22670
31981 31960 7181
32018 32096 17352
32103 32176 25457
32201 32232 18513
32333 32368 19208
32406 32489 10229
32592 32517 11023
32657 32664 26985
32771 32783 24086
32816 32815 22655
32981 32963 14294
33023 33066 7936
33128 33159 9770
33209 33271 9522
33318 33366 4172
33407 33472 32723
33582 33573 10854
33659 33686 18282
33779 33763 33368
33878 33869 4291
33946 33951 6470
34006 34073 24832
34181 34158 28181
34265 34247 32367
34318 34344 23189
34431 34465 13117
34514 34590 23362
34657 34631 34041
34792 34795 5564
34859 34846 12697
34983 34990 2922
35044 35043 25153
35131 35147 28723
35209 35258 32025
35343 35307 12576
35450 35470 22293
35507 35595 28307
35616 35677 10454
35740 35746 18314
35885 35899 404
35916 35977 6462
36056 36070 31655
36117 36114 28055
36285 36272 29018
36323 36378 13281
36494 36413 17261
36594 36538 25164
36663 36624 3871
36714 36767 3049
36833 36826 15550
36950 36921 811
37087 37055 4023
37156 37101 7834
37296 37200 16161
37345 37360 19373
37495 37494 17952
37502 37562 21559
37681 37699 35432
37711 37775 12544
37810 37852 12151
37902 37924 28371
38003 38095 32534
38150 38107 25104
38213 38232 35215
38338 38346 18554
38484 38434 34639
38533 38509 2108
38629 38655 30615
38701 38719 33109
38842 38826 38585
38973 38941 1454
39043 39049 16019
39171 39187 5326
39253 39288 32131
39348 39391 33159
39436 39416 14148
39540 39509 6253
39641 39654 38333
39730 39733 19176
39832 39856 17384
39943 39988 28076
40052 40046 17724
40156 40102 8933
40226 40296 22726
40330 40326 16325
40405 40443 4335
40585 40535 39890
40665 40691 39629
40743 40787 26065
40879 40847 1030
40918 40910 3698
41069 41035 21586
41187 41175 23141
41228 41217 20586
41357 41327 16135
41427 41460 29434
41557 41520 3241
41613 41613 3184
41798 41788 17855
41884 41811 35239
41907 41952 14207
42005 42051 11325
42179 42114 7666
42216 42215 39875
42352 42379 6327
42436 42469 8629
42513 42592 29154
42660 42694 39145
42740 42771 5554
42818 42898 11484
42956 42930 27166
43044 43082 8019
43169 43117 19020
43207 43251 8631
43355 43337 19329
43474 43470 27148
43546 43540 9905
43671 43626 9869
43785 43733 6357
43854 43826 21629
43969 43978 927
44022 44080 38115
44158 44181 11363
44240 44238 38711
44358 44363 20135
44455 44492 26126
44595 44551 12633
44664 44605 19432
44720 44745 3740
44822 44832 22987
44968 44930 38505
45035 45058 4684
45155 45157 23103
45297 45265 12237
45324 45388 23165
45402 45473 19795
45545 45586 28340
45630 45694 7740
45702 45765 25901
45894 45848 28839
45996 45909 14796
46074 46097 274
46199 46154 30905
46284 46266 19898
46368 46321 41600
46487 46489 7190
46570 46539 42134
46646 46672 1470
46771 46752 45057
46860 46825 19497
46949 46903 27655
47011 47089 18476
47153 47142 46291
47291 47281 17619
47362 47372 30021
47461 47412 1827
47569 47546 38715
47667 47637 14781
47762 47773 22725
47893 47876 12955
47901 47958 2439
48001 48047 30448
48163 48151 3543
48238 48271 43664
48363 48394 25654
48433 48452 25814
48568 48508 25689
48653 48666 42842
48739 48720 31786
48804 48833 19188
48995 48919 43388
49028 49044 45456
49187 49187 35907
49233 49287 44447
49388 49384 5779
49498 49436 26080
49585 49552 18763
49694 49651 43822
49799 49795 48036
49834 49845 21928
49951 49979 8812
50062 50075 2643
50129 50188 36065
50252 50211 20170
50394 50375 4719
50410 50497 24295
50545 50556 36405
50629 50630 39706
50727 50793 29248
50863 50878 33312
50992 50992 50722
51051 51050 6532
51146 51184 38511
51294 51277 11933
51321 51320 24123
51453 51475 15405
51557 51584 112
51645 51679 12116
51786 51700 18200
51810 51873 18549
51941 51988 31311
52037 52018 7035
52173 52194 1578
52268 52262 21771
52354 52370 2536
52490 52435 9290
52517 52555 32651
52674 52641 51607
52740 52720 7684
52845 52800 7275
52997 52957 13353
53051 53071 36103
53121 53151 9437
53222 53265 23603
53308 53317 47165
53421 53468 17151
53529 53585 30194
53648 53669 810
53748 53795 24778
53812 53816 47725
53955 53955 42054
54062 54099 36788
54164 54140 36081
54236 54242 1868
54352 54396 37678
54495 54405 25146
54533 54550 14415
54633 54696 10268
54706 54708 7557
54893 54842 1148
54918 54951 33692
55068 55074 50077
55139 55170 46514
55238 55275 2605
55356 55305 36556
55476 55473 52288
55563 55579 44620
55644 55658 18902
55771 55718 22734
55854 55894 23954
55923 55968 31028
56082 56070 4976
56144 56124 33373
56210 56212 12915
56391 56319 47543
56405 56445 3302
56556 56513 20412
56648 56688 16211
56725 56787 23457
56804 56829 21306
56901 56950 15904
57079 57054 53324
57107 57192 44626
57285 57251 38319
57346 57334 8419
57426 57438 49286
57579 57556 11015
57630 57699 40002
57731 57787 2817
57842 57840 57440
57973 57955 49619
58089 58029 28334
58167 58134 13760
58216 58288 21807
58312 58354 45429
58480 58475 6150
58579 58563 51673
58678 58680 37210
58701 58769 22933
58879 58825 51800
58937 58907 41804
59062 59056 8279
59177 59121 32481
59204 59219 2426
59388 59304 56703
59439 59417 4348
59558 59582 4475
59690 59635 17967
59723 59732 54941
59839 59854 26640
59971 59996 26236
60025 60045 8060
60142 60102 1608
60204 60297 50603
60346 60331 21090
60448 60484 30011
60544 60541 2431
60615 60603 41420
60770 60750 3507
60817 60816 45743
60963 60979 2275
61022 61023 5517
61177 61181 58860
61251 61227 16181
61390 61319 16747
61405 61455 19460
61566 61525 58095
61616 61651 27408
61707 61757 41123
61805 61851 39060
61926 61989 34984
62032 62062 14998
62165 62110 50102
62237 62287 42222
62361 62311 47051
62478 62481 42324
62596 62538 44857
62617 62646 25319
62766 62749 60800
62814 62827 18125
62915 62900 26851
63000 63090 43743
63183 63157 34453
63273 63245 19570
63313 63360 20511
63471 63420 6463
63588 63572 44726
63655 63667 10621
63777 63740 53648
63804 63809 15801
63972 63991 2850
64091 64017 51123
64151 64102 14693
64278 64264 16750
64381 64343 49921
64462 64436 28944
64525 64504 19021
64692 64610 2098
64781 64723 43408
64838 64813 60990
64910 64948 47485
65021 65018 51260
65172 65160 25000
65280 65219 12592
65350 65333 14146
65449 65433 34595
65598 65525 25473
65673 65605 2933
65738 65775 40763
65851 65823 59178
65954 65943 26337
66002 66039 42791
66142 66107 18200
66212 66232 65872
66301 66367 13384
66466 66426 22297
66562 66554 65220
66638 66638 29722
66776 66722 17345
66849 66856 2302
66979 66972 7348
67070 67001 54072
67110 67106 33720
67253 67273 18959
67318 67316 37463
67425 67430 26076
67539 67531 8914
67635 67683 7495
67762 67795 58490
67859 67815 414
67984 67987 13695
68020 68022 11006
68163 68150 2793
68200 68222 56982
68309 68308 62150
68423 68424 22946
68523 68533 30042
68672 68636 9627
68747 68789 889
68815 68854 46658
68971 68998 11453
69073 69086 52727
69153 69132 57233
69259 69245 1184
69321 69366 28407
69459 69438 42832
69564 69582 6343
69649 69606 65463
69780 69753 55462
69828 69829 2226
69901 69977 18227
70012 70055 54719
70169 70161 59003
70247 70262 33777
70372 70309 11519
70422 70413 45321
70504 70587 33551
70623 70634 5994
70702 70714 13175
70824 70815 2299
70957 70925 13531
71031 71018 45922
71191 71180 64790
71245 71214 23746
71312 71339 8140
71461 71436 698
71541 71530 30388
71655 71634 60861
71713 71707 14529
71893 71863 18904
71918 71947 66420
72010 72039 56708
72114 72178 35937
72292 72203 44306
72360 72392 48761
72482 72410 30086
72574 72591 30359
72629 72605 32413
72793 72782 67246
72861 72851 24144
72991 72989 35789
73000 73098 62215
73111 73124 49608
73298 73287 2986
73385 73314 52208
73427 73414 9690
73560 73530 38723
73658 73624 9424
73734 73770 69109
73844 73875 49459
73958 73940 2068
74054 74008 12587
74155 74181 28161
74272 74258 16670
74362 74323 39140
74422 74429 11189
74531 74555 1594
74619 74672 33051
74731 74715 59196
74857 74845 4781
74936 74982 63442
75034 75018 7522
75150 75149 46812
75289 75217 39319
75363 75361 23222
75473 75462 2453
75541 75581 27046
75605 75616 7823
75722 75709 42720
75895 75823 40345
75959 75900 36247
76091 76080 73038
76143 76197 17134
76239 76276 24480
76397 76366 31712
76431 76428 42726
76540 76510 54451
76628 76626 69938
76781 76702 48644
76850 76842 13697
76926 76985 21162
77052 77060 74182
77139 77151 66275
77229 77294 9727
77380 77301 9657
77447 77427 45462
77597 77515 58954
77633 77627 29577
77733 77735 22646
77859 77870 40785
77924 77950 74762
78026 78021 62677
78121 78197 19498
78276 78286 7491
78352 78397 416
78467 78412 6592
78504 78596 42992
78661 78634 1960
78779 78722 23572
78851 78800 74450
78995 78905 58501
79045 79008 7162
79198 79141 11034
79213 79218 65637
79374 79330 38696
79476 79480 9005
79566 79596 28014
79656 79674 18888
79760 79780 40819
79857 79836 19396
79946 79966 48960
80063 80046 77029
80172 80171 61291
80266 80267 25040
80327 80377 38155
80408 80406 9429
80582 80518 52199
80660 80685 15437
80711 80700 30586
80858 80836 22965
80941 80963 61077
81047 81038 70012
81155 81102 60491
81256 81240 38547
81309 81367 24346
81456 81426 78128
81510 81525 22335
81667 81641 64821
81787 81752 14449
81828 81863 28795
81953 81945 51729
82010 82030 26170
82183 82106 22973
82245 82223 19624
82343 82356 56348
82486 82443 16366
82576 82538 43966
82613 82634 40260
82771 82746 53400
82847 82873 81904
82913 82902 64380
83034 83030 54431
83132 83119 64033
83271 83212 10640
83333 83345 72316
83466 83435 9738
83599 83591 27429
83635 83658 73527
83774 83772 19683
83817 83836 77712
83987 83931 58323
84048 84001 60455
84103 84192 55117
84231 84293 73771
84301 84314 26940
84488 84400 67754
84569 84532 35285
84628 84670 63659
84751 84732 42271
84874 84889 55892
84988 84959 31124
85028 85082 54747
85117 85151 80275
85202 85290 77788
85323 85348 67518
85487 85435 1443
85594 85578 23605
85695 85654 28940
85788 85760 37916
85800 85818 31311
85925 85936 75424
86091 86084 28930
86154 86176 10598
86288 86276 77110
86393 86343 64297
86496 86448 84211
86566 86582 58984
86689 86679 7329
86751 86743 1491
86838 86883 17318
86902 86932 39992
87025 87092 55648
87139 87131 52881
87229 87222 14946
87335 87324 28820
87459 87449 55430
87518 87542 59676
87669 87674 14499
87781 87755 50030
87866 87822 55877
87917 87952 20839
88012 88055 5972
88174 88132 81609
88242 88211 17858
88322 88324 58782
88400 88412 14577
88521 88504 49578
88649 88647 62878
88796 88780 31378
88864 88846 23744
88997 88939 32992
89049 89049 26188
89180 89158 7323
89249 89274 70948
89397 89390 62065
89438 89440 78563
89531 89553 7644
89626 89620 78750
89717 89792 6543
89890 89813 40055
89926 89953 39222
90015 90081 84505
90159 90103 45288
90282 90203 18351
90376 90331 17144
90471 90480 5980
90510 90577 58108
90605 90618 75153
90770 90750 64813
90891 90860 50757
90962 90921 66595
91023 91010 42642
91107 91199 70652
91236 91227 74127
91358 91357 34163
91493 91431 68666
91549 91501 6856
91609 91677 15545
91772 91748 32507
91882 91834 79546
91965 91952 68710
92061 92087 21130
92139 92107 72915
92206 92292 9782
92339 92331 18061
92436 92440 79960
92539 92593 22465
92615 92632 66413
92799 92756 60607
92856 92857 49258
92935 92908 17564
93016 93086 31741
93178 93141 50893
93202 93209 3446
93371 93309 67463
93406 93424 87206
93589 93521 40692
93696 93641 6850
93718 93782 85381
93859 93838 37538
93999 93951 28453
94099 94036 13894
94135 94145 31512
94298 94274 60749
94382 94399 16134
94411 94441 14384
94582 94528 41317
94663 94619 29473
94724 94762 26185
94805 94890 21141
94976 94944 42112
95047 95033 43312
95116 95153 162
95241 95253 86096
95395 95380 90798
95442 95469 78517
95580 95578 91174
95653 95604 54257
95795 95747 79682
95855 95876 48917
95977 95927 72978
96033 96051 93638
96181 96197 15460
96207 96283 80938
96320 96384 76389
96465 96420 87963
96523 96593 52456
96635 96628 90244
96783 96738 13201
96841 96835 52624
96998 96990 10390
97031 97039 64474
97126 97140 2425
97265 97212 81110
97389 97332 52799
97423 97496 85785
97586 97539 84434
97669 97697 58181
97702 97781 96759
97805 97879 11839
97901 97945 91907
98017 98086 49253
98139 98132 55252
98271 98227 77416
98373 98369 61770
98424 98405 29735
98539 98504 68791
98681 98663 49868
98711 98729 12433
98867 98807 94857
98988 98908 51935
99074 99082 43175
99187 99131 23931
99243 99288 20038
99320 99319 86417
99431 99447 89300
99557 99505 52154
99630 99627 24698
99712 99760 43079
99820 99851 1067
99992 99915 58477
