1000
60 32 87
152 103 110
273 271 264
348 361 119
425 432 176
592 574 466
636 632 6
766 710 615
828 818 354
970 936 585
1080 1052 244
1141 1141 1190
1281 1280 1031
1310 1320 463
1436 1453 235
1578 1509 1135
1655 1633 543
1788 1751 972
1858 1885 1152
1988 1994 1248
2023 2014 1886
2160 2105 40
2203 2263 251
2320 2364 2064
2453 2408 406
2529 2514 8
2652 2691 2589
2787 2718 656
2825 2812 350
2953 2959 1567
3092 3046 738
3150 3147 1930
3290 3294 2337
3390 3352 2390
3463 3490 2558
3564 3572 2648
3648 3661 1042
3737 3720 1634
3891 3857 228
3924 3933 308
4069 4069 2460
4148 4143 1002
4210 4243 600
4303 4369 2095
4448 4463 1528
4564 4537 971
4642 4637 3210
4748 4760 4591
4807 4837 772
4945 4907 4980
5003 5008 3957
5100 5185 1081
5241 5208 5134
5389 5386 2701
5486 5479 2020
5591 5595 5348
5674 5631 2016
5724 5788 3462
5800 5855 3372
5989 5952 2665
6008 6099 5260
6174 6128 5389
6237 6259 2993
6373 6381 5568
6459 6479 3666
6554 6536 6064
6627 6620 3203
6724 6725 4370
6833 6886 3039
6914 6984 4095
7093 7085 5891
7144 7152 2471
7271 7287 2447
7393 7345 4809
7494 7488 2662
7532 7517 4393
7647 7673 5025
7738 7712 3987
7812 7899 2399
7926 7990 1688
8067 8018 1798
8123 8160 2156
8266 8242 4341
8375 8375 4505
8402 8485 1625
8500 8596 8085
8649 8617 666
8739 8730 7364
8800 8864 5157
8911 8999 8224
9059 9085 5552
9141 9132 3363
9223 9273 4726
9356 9389 165
9400 9403 5412
9579 9542 3924
9662 9613 8147
9789 9744 7105
9821 9837 3729
9913 9915 503
10008 10064 3796
10162 10162 7566
10226 10264 9431
10344 10368 1199
10468 10437 7263
10560 10500 5565
10681 10629 9818
10723 10701 3292
10859 10806 7375
10968 10919 3871
11083 11030 6947
11153 11122 6912
11296 11200 2440
11369 11367 7924
11447 11444 8318
11558 11509 5845
11695 11601 2393
11711 11722 7222
11855 11828 4162
11902 11944 10673
12003 12091 2842
12157 12177 5635
12290 12214 2872
12393 12377 8591
12402 12437 560
12525 12539 4724
12614 12692 2110
12721 12762 2879
12885 12841 10048
12937 12933 5769
13087 13060 11021
13189 13152 12391
13247 13294 778
13300 13315 11474
13408 13458 7111
13540 13567 8726
13661 13656 11958
13720 13765 1170
13882 13819 1952
13922 13917 8260
14091 14028 5001
14152 14121 6410
14291 14253 13872
14318 14363 12317
14438 14473 9981
14507 14501 12999
14614 14634 5420
14797 14783 11331
14830 14854 863
14982 14937 13505
15024 15021 847
15151 15139 7480
15235 15279 11228
15395 15306 7737
15437 15456 5308
15542 15564 7772
15688 15653 2245
15775 15781 15552
15860 15882 465
15995 15976 2346
16053 16016 12879
16139 16140 6862
16266 16295 3241
16376 16319 15609
16434 16434 8571
16559 16571 14652
16666 16633 13716
16717 16742 4412
16891 16826 1845
16989 16918 13291
17068 17054 4340
17154 17116 2782
17288 17233 1184
17320 17399 7267
17486 17456 15194
17516 17562 14411
17622 17647 14126
17721 17705 11086
17858 17803 7861
17945 17975 1152
18002 18070 7001
18153 18147 11185
18215 18208 7589
18322 18391 7689
18446 18483 4658
18552 18553 7931
18606 18633 5503
18723 18778 884
18864 18823 454
18928 18956 14971
19021 19080 18636
19137 19178 483
19212 19247 7441
19389 19348 14153
19418 19407 13733
19567 19584 11578
19600 19684 2625
19747 19728 4826
19898 19885 8050
19976 19917 13164
20012 20002 18117
20140 20181 2814
20261 20246 10956
20390 20377 3657
20431 20441 13117
20533 20573 635
20657 20616 3493
20743 20798 16583
20881 20825 10254
20961 20961 8281
21076 21057 9676
21144 21173 15826
21277 21235 9777
21395 21318 10851
21459 21417 11917
21566 21550 8403
21605 21605 16873
21731 21753 18494
21843 21848 17846
21940 21919 20074
22027 22062 14138
22134 22139 12316
22230 22242 5678
22332 22348 13564
22477 22498 18120
22538 22579 1168
22688 22635 1152
22722 22798 7762
22842 22850 4420
22907 22997 2113
23082 23056 21476
23186 23152 10797
23274 23218 12104
23392 23353 15096
23495 23463 17351
23579 23556 12175
23639 23689 3895
23730 23711 22279
23829 23821 16558
23916 23919 6797
24013 24029 1874
24147 24184 2672
24224 24289 4881
24395 24339 3137
24462 24463 14363
24563 24592 7107
24668 24689 13881
24765 24771 6297
24866 24859 19110
24929 24957 3948
25080 25034 22591
25153 25169 16346
25235 25283 7084
25367 25363 7593
25463 25433 610
25555 25574 21588
25622 25652 1401
25776 25715 14717
25865 25864 13547
25985 25984 11414
26010 26069 21650
26183 26165 16990
26221 26206 19380
26348 26374 15721
26410 26428 7061
26560 26563 24046
26638 26660 20432
26701 26753 13850
26885 26828 2987
26953 26973 19635
27046 27012 14076
27103 27128 27105
27226 27217 5182
27386 27337 7443
27423 27457 5218
27533 27596 5235
27644 27646 18784
27778 27737 21414
27856 27872 13928
27988 27961 6837
28072 28038 18656
28119 28176 9184
28214 28222 2662
28303 28333 26366
28448 28477 6396
28530 28577 18488
28671 28600 26219
28776 28772 15275
28810 28812 19218
28938 28941 3157
29025 29054 17517
29128 29130 19979
29253 29292 16876
29304 29352 9817
29401 29446 10288
29572 29579 5380
29634 29621 15129
29714 29734 5605
29819 29827 5973
29999 29974 1244
30062 30026 28055
30142 30142 28211
30263 30227 14197
30334 30347 15493
30485 30406 13856
30509 30592 5685
30662 30626 2623
30751 30706 16483
30898 30876 12340
30945 30958 21840
31043 31070 4942
31196 31112 10297
31221 31235 18947
31369 31354 11721
31432 31482 1392
31508 31532 21941
31639 31615 23978
31755 31773 16097
31822 31867 7263
31956 31962 17351
32065 32051 18011
32177 32111 8650
32228 32216 1024
32301 32376 4273
32480 32464 29915
32572 32508 20524
32690 32606 30032
32777 32799 16932
32877 32824 8641
32958 32926 13726
33068 33069 22499
33149 33166 1195
33235 33264 17309
33371 33330 21612
33459 33491 25875
33533 33569 7662
33643 33651 17683
33780 33777 23214
33823 33842 7502
33916 33948 5749
34049 34043 801
34189 34158 14538
34241 34293 19770
34346 34391 1263
34433 34426 3721
34501 34520 6881
34630 34646 29962
34747 34754 34476
34899 34813 9948
34958 34906 3926
35030 35035 34840
35165 35174 20059
35291 35233 20998
35367 35327 24221
35495 35421 8135
35539 35539 14411
35629 35688 22971
35765 35741 25058
35895 35817 34730
35998 35909 11133
36092 36050 28807
36110 36171 8949
36236 36216 24668
36378 36381 33732
36483 36467 29411
36579 36532 6011
36618 36643 19957
36710 36725 34013
36878 36868 1649
36910 36942 27305
37077 37030 2989
37192 37168 2368
37223 37231 4752
37385 37330 3864
37401 37427 23626
37517 37533 33559
37699 37647 3689
37785 37789 12340
37849 37866 4461
37910 37985 16355
38011 38025 24607
38127 38124 4553
38244 38238 21947
38317 38391 26235
38428 38451 14926
38545 38519 33736
38634 38618 4869
38769 38754 7185
38855 38862 24249
38903 38923 1342
39043 39041 1620
39199 39104 5782
39230 39275 19223
39357 39369 11063
39475 39476 15870
39529 39575 6682
39672 39619 25109
39718 39714 30191
39828 39852 21302
39965 39981 35773
40040 40016 38779
40142 40166 27340
40231 40234 22626
40366 40337 14533
40491 40417 1959
40553 40522 625
40609 40638 32788
40768 40719 10787
40874 40872 22969
40949 40983 11799
41099 41043 6340
41106 41115 19838
41263 41240 1500
41346 41381 4228
41437 41402 16556
41513 41557 12908
41634 41610 12520
41776 41720 36091
41871 41858 32205
41962 41960 40321
42023 42055 29249
42186 42115 30692
42287 42255 18880
42351 42347 1266
42420 42429 26159
42523 42598 12460
42658 42666 27855
42751 42728 17312
42832 42865 8424
42917 42951 10169
43014 43048 26657
43170 43146 4716
43262 43284 3063
43375 43388 27874
43437 43444 9002
43581 43550 16587
43692 43619 30340
43719 43734 39978
43830 43859 29030
43924 43908 10216
44036 44047 21110
44155 44176 39630
44232 44225 35092
44366 44378 32240
44401 44488 8474
44587 44565 25487
44649 44632 1236
44728 44735 30824
44862 44879 44526
44941 44920 32587
45015 45009 16433
45112 45155 18807
45266 45272 16345
45391 45322 30523
45400 45417 8347
45542 45510 12459
45624 45606 14742
45782 45707 15734
45840 45851 7694
45957 45958 42354
46037 46010 29488
46197 46177 20606
46208 46251 17709
46399 46397 8156
46400 46473 21340
46568 46546 10446
46682 46696 13554
46703 46777 30916
46800 46887 23016
46940 46931 20833
47080 47006 18979
47126 47106 33824
47270 47298 626
47334 47333 7022
47449 47409 35233
47518 47531 5286
47610 47682 39364
47738 47700 19022
47887 47884 5102
47974 47912 25293
48016 48049 7136
48169 48179 28311
48281 48218 8186
48312 48311 19643
48457 48449 33936
48508 48555 26033
48602 48696 37308
48769 48771 6958
48871 48856 10133
48980 48907 16840
49099 49042 23460
49100 49172 42782
49209 49247 24893
49325 49350 9762
49412 49442 17405
49522 49589 44480
49669 49622 36364
49740 49787 7011
49831 49811 39418
49923 49909 149
50057 50059 26761
50122 50143 21661
50220 50280 21505
50341 50384 38561
50473 50471 22251
50586 50596 20067
50678 50674 2244
50756 50775 26459
50871 50826 2506
50950 50992 2787
51046 51011 12220
51147 51144 15292
51283 51290 12851
51395 51391 45167
51406 51404 4602
51581 51559 23746
51650 51604 34717
51711 51704 41153
51826 51848 36493
51958 51934 1058
52030 52003 42710
52142 52179 26353
52274 52215 32825
52337 52395 190
52402 52413 8014
52502 52545 46303
52628 52606 15460
52756 52798 30899
52804 52800 1370
52961 52993 44941
53016 53057 2283
53118 53145 29294
53288 53269 16314
53368 53393 32687
53486 53438 15003
53512 53543 3827
53692 53661 6621
53736 53706 111
53818 53814 12161
53969 53917 40939
54003 54058 38826
54160 54116 14838
54245 54248 6538
54393 54336 20933
54439 54460 49757
54536 54570 24562
54690 54678 26754
54739 54716 23975
54840 54828 32593
54982 54954 16670
55089 55073 32640
55192 55125 42430
55295 55286 9618
55314 55347 22303
55488 55402 39401
55552 55553 55529
55668 55653 24385
55786 55739 55231
55862 55833 41199
55942 55993 30619
56083 56073 53895
56150 56111 10384
56298 56250 11277
56372 56308 42475
56465 56441 38052
56560 56597 56216
56677 56633 22264
56711 56760 8016
56860 56880 43552
56963 56958 20897
57038 57005 38911
57109 57124 33149
57234 57257 4105
57355 57381 39132
57407 57485 17181
57554 57592 27051
57655 57688 12572
57778 57799 29411
57888 57807 3948
57929 57923 49813
58064 58061 11551
58105 58153 43642
58216 58246 39219
58301 58353 38211
58496 58418 7828
58508 58553 15431
58631 58623 35965
58772 58720 49863
58892 58853 25794
58933 58943 44492
59078 59076 53634
59127 59149 2181
59277 59285 8536
59308 59325 26276
59469 59443 55141
59537 59511 22189
59613 59680 58221
59705 59709 50386
59804 59887 31852
59975 59922 38129
60029 60070 37136
60167 60135 41987
60299 60256 13762
60333 60386 58848
60487 60458 26474
60528 60599 38238
60628 60673 5528
60791 60756 49343
60800 60861 28877
60988 60983 40173
61041 61014 12464
61130 61125 9047
61291 61210 40594
61360 61316 11720
61446 61492 37797
61558 61550 15642
61678 61655 389
61770 61728 28948
61857 61890 33358
61957 61910 34945
62017 62021 46759
62108 62153 47714
62263 62252 50883
62342 62358 48772
62431 62440 32703
62558 62513 7122
62627 62698 41077
62716 62704 10617
62800 62844 55797
62925 62996 39664
63090 63001 13596
63152 63175 51506
63245 63294 4491
63373 63379 11871
63480 63466 45846
63567 63599 31256
63699 63676 11430
63777 63779 44987
63865 63825 46422
63992 63999 2952
64083 64097 25096
64153 64193 41905
64287 64283 45411
64316 64393 57737
64446 64400 46005
64592 64500 26577
64656 64699 46823
64723 64738 43156
64886 64884 31481
64902 64928 1562
65054 65003 58950
65100 65168 13923
65295 65280 29230
65322 65365 23236
65462 65404 15663
65530 65574 5236
65606 65628 37786
65757 65717 17291
65818 65862 64571
65965 65938 38111
66051 66044 43964
66126 66149 9737
66272 66246 1726
66361 66367 7616
66432 66421 58478
66517 66514 15339
66603 66611 4066
66742 66752 21424
66821 66860 50388
66990 66905 40083
67023 67018 55709
67111 67104 43985
67278 67281 7522
67332 67384 34404
67478 67478 14766
67501 67540 47090
67645 67650 26659
67772 67721 59147
67822 67849 46898
67985 67915 864
68028 68063 4293
68198 68121 20027
68203 68272 47697
68322 68340 66558
68437 68444 33266
68567 68526 34798
68636 68608 40600
68779 68722 16683
68846 68827 39612
68903 68913 38303
69030 69053 38158
69118 69140 50098
69271 69204 16031
69378 69347 68964
69482 69416 9923
69531 69589 20351
69644 69654 33445
69710 69763 34973
69854 69889 57545
69944 69918 47288
70012 70082 18471
70166 70199 21832
70209 70232 37291
70366 70377 11810
70483 70404 67498
70502 70599 25729
70655 70675 17024
70772 70751 31597
70873 70828 33796
70905 70927 1016
71082 71001 58950
71156 71155 64134
71260 71285 36615
71317 71378 24364
71488 71423 144
71539 71597 25826
71634 71647 28618
71798 71736 56510
71884 71891 52975
71900 71917 37334
72040 72086 197
72171 72180 21869
72223 72268 6003
72355 72366 51385
72421 72447 39804
72595 72516 72135
72679 72698 71390
72751 72710 60271
72884 72894 35706
72987 72905 39038
73052 73099 35229
73128 73189 70497
73234 73230 55524
73357 73313 5061
73438 73487 39643
73560 73518 29291
73619 73606 18082
73772 73774 31887
73894 73878 9397
73977 73954 62984
74014 74044 4021
74108 74103 44798
74242 74269 31602
74341 74366 63647
74438 74489 17114
74592 74509 64389
74657 74685 16236
74773 74737 29711
74801 74819 18654
74930 74965 8943
75012 75066 49668
75106 75186 27704
75286 75216 11852
75326 75346 62425
75489 75459 55110
75521 75586 21908
75638 75609 37776
75705 75789 36312
75842 75855 50866
75959 75942 56904
76070 76019 46666
76152 76144 40575
76254 76219 45639
76352 76387 56030
76467 76410 54602
76573 76596 37836
76606 76629 14390
76722 76731 31009
76894 76840 17576
76928 76956 51086
77011 77037 20869
77113 77127 45354
77270 77217 8413
77311 77375 71604
77430 77440 56844
77561 77536 6522
77642 77631 9778
77770 77710 27819
77854 77876 49628
77957 77909 19541
78013 78097 2534
78133 78116 33975
78222 78215 54082
78319 78306 61288
78468 78486 31827
78560 78514 74958
78698 78678 39686
78744 78729 27058
78805 78800 24800
78993 78961 68214
79024 79083 45027
79123 79127 69451
79204 79224 32765
79395 79335 61549
79424 79455 42054
79540 79538 20495
79694 79641 49513
79751 79735 26947
79821 79802 53144
79914 79992 12132
80062 80092 66435
80142 80168 53512
80294 80253 32699
80319 80377 14164
80450 80485 3985
80527 80501 60855
80642 80659 53260
80722 80786 49514
80803 80837 76195
80941 80988 60204
81087 81034 52121
81185 81146 71370
81280 81249 16762
81359 81329 78757
81417 81435 81336
81540 81519 22111
81670 81619 37752
81721 81703 40579
81808 81825 76120
81941 81974 75985
82054 82079 17198
82189 82100 48987
82277 82242 25703
82384 82321 24978
82417 82467 66726
82517 82562 48784
82664 82639 76535
82737 82789 38238
82868 82893 79670
82907 82922 25727
83001 83018 76595
83161 83126 29288
83297 83236 18663
83346 83327 19440
83490 83494 67857
83592 83509 5256
83657 83650 13204
83717 83707 83426
83861 83873 6549
83994 83947 71920
84061 84064 78979
84195 84192 36393
84260 84239 42379
84315 84365 66952
84492 84492 83735
84574 84503 25538
84696 84653 68030
84732 84707 15881
84880 84865 56258
84972 84990 55456
85045 85003 42834
85191 85183 30862
85248 85261 44900
85381 85324 47437
85433 85484 24594
85540 85504 30408
85658 85660 72216
85734 85777 17347
85824 85829 50364
85936 85949 37207
86081 86032 30435
86117 86103 53839
86288 86259 57846
86318 86318 30927
86420 86470 34445
86582 86547 33920
86633 86650 44709
86739 86789 81116
86862 86888 32113
86995 86986 25806
87069 87021 51714
87197 87151 56969
87208 87226 51764
87301 87339 39216
87455 87496 10856
87522 87578 36549
87651 87638 72874
87755 87720 53447
87893 87875 50823
87990 87907 40434
88031 88097 86575
88162 88161 789
88241 88262 80855
88331 88336 55155
88474 88447 12945
88589 88569 37843
88649 88629 37665
88703 88723 2340
88898 88888 10990
88956 88920 39138
89037 89075 11683
89171 89193 77635
89291 89287 39131
89340 89349 53523
89406 89492 75125
89504 89578 7081
89639 89667 42796
89769 89765 26188
89846 89852 24560
89900 89929 25353
90051 90060 89608
90137 90148 44172
90205 90293 84765
90305 90330 45884
90403 90458 6542
90566 90517 67567
90663 90614 33377
90792 90791 37584
90879 90848 29165
90966 90998 48280
91066 91042 1589
91167 91146 61154
91291 91222 27022
91342 91392 1765
91461 91445 53348
91589 91536 58771
91695 91689 39488
91700 91763 71062
91863 91878 59129
91939 91930 33540
92086 92091 54671
92153 92138 41984
92232 92233 10494
92364 92361 72533
92478 92490 39079
92506 92591 71364
92612 92676 45228
92758 92764 21739
92856 92868 82635
92937 92968 27680
93082 93036 61644
93138 93134 66430
93227 93285 32652
93333 93340 12695
93482 93458 66474
93548 93582 53287
93692 93617 76348
93743 93796 74937
93894 93833 30139
93945 93939 16460
94057 94086 64980
94154 94146 30457
94278 94219 59598
94350 94359 2535
94414 94453 16190
94566 94531 9088
94696 94630 7218
94775 94796 41281
94847 94861 41373
94989 94984 21103
95083 95047 12742
95125 95181 6755
95251 95299 30794
95352 95310 85820
95459 95451 74523
95579 95588 22522
95697 95646 11790
95741 95739 3382
95804 95882 60968
95904 95988 21228
96068 96064 37355
96108 96175 38849
96299 96293 109
96357 96382 50111
96432 96412 72093
96532 96523 67602
96620 96617 78289
96750 96776 47367
96881 96819 73386
96946 96909 61
97088 97007 36668
97147 97121 84588
97256 97202 33654
97379 97370 28245
97469 97492 82886
97592 97599 22124
97679 97607 13830
97744 97776 20997
97856 97804 55136
97961 97933 32699
98016 98050 16977
98137 98105 85030
98280 98274 73131
98375 98385 24218
98470 98410 16527
98512 98573 53156
98655 98681 10727
98788 98790 32214
98890 98845 62097
98904 98941 9496
99023 99056 9673
99181 99180 50967
99296 99264 1395
99374 99347 82531
99410 99449 41646
99528 99558 13229
99642 99670 1718
99776 99798 32432
99892 99840 77160
99968 99940 89743
