1000
95 59 55
122 117 120
296 261 27
359 318 65
499 447 389
563 584 3
647 671 265
734 727 287
805 803 43
964 932 750
1022 1042 733
1115 1116 151
1290 1219 1258
1399 1347 625
1405 1465 256
1570 1526 214
1687 1634 1510
1785 1796 734
1826 1862 334
1964 1952 925
2034 2075 836
2167 2145 139
2206 2290 747
2325 2374 742
2447 2487 1913
2539 2567 1689
2694 2656 1864
2782 2755 667
2815 2847 2671
2952 2999 1373
3084 3024 290
3139 3111 885
3236 3292 2297
3387 3382 1719
3418 3418 2188
3595 3515 2733
3611 3643 1743
3757 3786 2040
3862 3802 2658
3929 3939 1738
4026 4038 3821
4179 4141 1555
4251 4291 311
4352 4306 2039
4475 4485 4194
4502 4563 4248
4690 4651 3637
4744 4712 637
4806 4823 4616
4930 4916 1641
5062 5005 1203
5123 5151 3819
5248 5207 3809
5320 5382 916
5499 5485 1147
5570 5543 1275
5637 5678 193
5749 5723 265
5854 5854 5174
5945 5931 3845
6070 6045 5734
6194 6117 4057
6210 6216 6215
6370 6305 2826
6428 6479 5650
6530 6527 5187
6617 6624 5238
6701 6772 848
6810 6818 3462
6907 6989 6056
7042 7054 1578
7136 7169 4403
7222 7278 6628
7382 7341 4144
7448 7469 5209
7526 7535 1608
7694 7629 2102
7768 7796 2103
7838 7811 6164
7949 7980 5672
8062 8012 6576
8149 8159 7211
8260 8238 1168
8384 8389 2003
8415 8422 4296
8544 8531 5787
8628 8665 1476
8793 8754 4001
8884 8853 4423
8974 8935 1035
9092 9017 1218
9191 9148 4373
9276 9202 8350
9341 9392 1103
9411 9478 5135
9554 9521 1832
9617 9638 8396
9779 9736 6761
9810 9804 2161
9903 9938 4493
10064 10054 6305
10156 10192 1370
10231 10279 4090
10367 10328 8205
10411 10425 10090
10598 10509 5952
10647 10627 6099
10747 10770 1108
10827 10801 5625
10908 10938 2690
11009 11068 1338
11138 11140 315
11200 11244 283
11378 11305 8510
11476 11487 10228
11547 11590 3727
11600 11692 7654
11726 11728 810
11806 11801 1235
11978 11906 2634
12055 12073 3713
12141 12116 7562
12214 12224 10324
12332 12302 12224
12449 12436 910
12571 12514 6412
12646 12665 2628
12723 12763 7028
12837 12875 10120
12918 12965 10713
13097 13055 4677
13114 13144 1644
13266 13200 5614
13336 13323 7640
13400 13415 3721
13574 13586 496
13658 13682 64
13795 13778 5692
13801 13884 13249
13998 13951 13184
14090 14001 12491
14105 14188 3827
14237 14296 2658
14314 14335 12875
14413 14458 12098
14544 14556 12223
14624 14656 12053
14750 14746 9014
14801 14890 2284
14991 14942 787
15007 15028 9714
15123 15119 13117
15259 15248 145
15370 15314 11219
15432 15421 1359
15570 15598 11510
15623 15604 14109
15781 15768 3555
15895 15852 14477
15933 15987 3542
16057 16012 15530
16114 16118 11006
16245 16249 12732
16370 16348 10610
16499 16406 12097
16537 16520 15078
16681 16686 14820
16700 16753 781
16899 16869 9057
16900 16977 750
17032 17037 4084
17142 17178 6171
17219 17284 4912
17306 17336 10096
17462 17434 5989
17579 17532 14157
17644 17608 7961
17742 17702 5049
17831 17859 8407
17997 17923 8754
18047 18009 10304
18183 18183 9106
18277 18254 4697
18354 18312 14185
18400 18414 7375
18532 18585 10714
18616 18680 5362
18775 18754 14238
18859 18896 10343
18962 18900 12260
19077 19006 17195
19101 19125 16335
19213 19263 14831
19390 19373 239
19479 19483 17919
19501 19504 18241
19653 19689 15545
19796 19750 1561
19855 19863 11276
19922 19901 4416
20090 20057 4237
20198 20102 828
20263 20212 11371
20371 20312 1532
20499 20401 8026
20586 20526 17252
20610 20648 11065
20735 20716 17166
20814 20851 15205
20991 20906 18345
21071 21005 1470
21187 21139 13219
21212 21261 20973
21350 21323 2403
21436 21458 4544
21564 21554 6383
21692 21662 10474
21786 21774 1965
21835 21879 6185
21976 21909 7534
22096 22088 8365
22181 22187 379
22261 22249 15124
22339 22345 7417
22432 22457 10658
22588 22576 16880
22691 22671 11243
22757 22753 2970
22873 22866 21969
22958 22965 10642
23085 23065 9335
23175 23117 13538
23270 23259 5710
23356 23388 8188
23407 23462 11184
23589 23543 20795
23686 23643 22960
23749 23795 23604
23805 23826 23679
23986 23966 461
24025 24041 9087
24158 24188 16502
24291 24255 2962
24353 24314 6648
24404 24420 9649
24533 24534 16411
24667 24656 3993
24719 24779 6556
24858 24858 2765
24959 24989 18369
25084 25012 18928
25194 25147 11645
25261 25236 5004
25355 25375 18024
25469 25497 20372
25583 25593 7175
25688 25678 23012
25761 25742 17253
25878 25830 25112
25971 25926 3720
26076 26022 6346
26105 26128 15430
26242 26207 11629
26380 26370 12545
26410 26483 22303
26580 26513 9591
26602 26673 10765
26700 26777 13202
26834 26811 22872
26916 26966 24029
27070 27089 14009
27173 27158 14315
27216 27256 24228
27318 27342 8363
27443 27406 18658
27533 27588 21948
27674 27654 12225
27795 27746 16307
27827 27897 1630
27926 27993 7744
28009 28029 7602
28142 28194 13857
28257 28219 24142
28321 28369 3320
28404 28400 4270
28501 28511 8099
28648 28675 23431
28711 28771 15902
28820 28809 12046
28906 28969 6719
29089 29022 26659
29160 29150 16945
29241 29201 19096
29301 29366 19138
29497 29477 14693
29566 29553 12060
29645 29652 21297
29763 29733 1734
29803 29863 16629
29994 29928 23769
30074 30046 5170
30190 30184 12145
30276 30295 11411
30318 30317 10559
30485 30435 10422
30541 30510 9625
30650 30654 1238
30724 30716 3262
30813 30898 15418
30970 30932 18653
31072 31049 3365
31136 31130 11813
31229 31213 23390
31357 31387 6894
31449 31481 17693
31530 31579 6238
31687 31621 24210
31767 31725 18234
31807 31850 6729
31947 31961 15536
32054 32054 16301
32183 32107 11484
32241 32293 846
32306 32365 30141
32424 32443 22979
32569 32553 27365
32605 32600 4553
32750 32791 6270
32887 32806 26838
32979 32957 152
33036 33058 31735
33147 33190 32324
33201 33293 4032
33324 33354 12229
33469 33438 15572
33578 33518 10484
33642 33644 6921
33763 33780 20556
33854 33897 13860
33983 33914 14010
34051 34097 19314
34112 34165 13111
34270 34273 1435
34351 34337 4238
34437 34413 5882
34516 34532 24122
34604 34633 16037
34718 34751 31989
34848 34866 4956
34906 34910 30704
35075 35096 26285
35145 35129 34703
35268 35297 33235
35332 35383 32668
35429 35497 4730
35571 35505 22630
35650 35635 16334
35774 35775 32446
35876 35856 2513
35997 35997 6948
36025 36069 13505
36109 36157 1864
36203 36220 25878
36315 36319 10092
36491 36450 9006
36578 36541 27524
36622 36640 23712
36736 36737 26084
36823 36862 31141
36935 36970 36999
37047 37059 10608
37105 37187 10049
37241 37283 17359
37305 37319 22872
37483 37425 20621
37556 37565 35485
37641 37603 731
37737 37730 14351
37802 37871 1135
37935 37998 1422
38009 38089 17183
38172 38183 19873
38242 38228 9527
38356 38341 20425
38482 38483 1729
38583 38548 17316
38619 38662 2333
38746 38778 7667
38801 38848 16142
38981 38954 16034
39017 39081 35169
39158 39140 22713
39218 39295 24019
39387 39363 21637
39438 39479 1243
39521 39566 31559
39623 39697 5952
39722 39782 31998
39850 39824 17873
39919 39975 4761
40047 40043 24535
40154 40140 11719
40288 40232 22792
40312 40390 39310
40489 40469 30722
40508 40554 27722
40665 40664 9039
40786 40791 28825
40885 40802 32194
40959 40902 140
41019 41031 37676
41129 41180 3716
41284 41204 16709
41317 41325 34317
41489 41424 15478
41519 41529 39929
41630 41611 36797
41729 41717 34014
41883 41863 20010
41906 41926 39102
42058 42027 11746
42138 42151 24300
42261 42258 24662
42326 42381 32713
42461 42433 9377
42574 42529 6331
42640 42641 32857
42702 42790 15840
42802 42801 42617
42979 42949 11567
43013 43078 24371
43179 43145 3523
43204 43251 25011
43311 43393 42429
43447 43473 9971
43512 43567 22192
43626 43699 39994
43781 43747 31928
43878 43887 2158
43996 43973 28412
44014 44049 9602
44129 44186 9843
44212 44222 13056
44344 44336 19184
44491 44489 6359
44564 44561 2380
44620 44605 12910
44763 44744 2149
44854 44891 7875
44908 44959 2559
45060 45072 18425
45147 45120 8496
45233 45235 4441
45359 45374 2614
45401 45479 15097
45501 45592 20093
45618 45664 23925
45787 45714 19351
45894 45842 37664
45941 45931 43718
46075 46059 26155
46129 46122 17489
46213 46235 11540
46318 46362 23800
46495 46453 36125
46512 46590 17640
46619 46659 42711
46742 46708 38638
46894 46898 6623
46924 46936 10367
47034 47029 15536
47186 47173 44318
47283 47243 26984
47384 47354 15950
47426 47488 42908
47530 47556 16295
47641 47685 26688
47740 47710 37445
47811 47895 44417
47904 47921 32682
48027 48022 26803
48110 48148 16470
48255 48242 17650
48325 48340 16012
48416 48428 24106
48537 48542 11520
48694 48650 6321
48726 48761 29789
48896 48826 4791
48974 48972 27947
49086 49086 16313
49195 49156 33413
49208 49201 16617
49356 49324 33297
49468 49454 2757
49592 49548 3150
49655 49640 46283
49758 49792 26822
49800 49851 28993
49940 49939 21510
50053 50058 32545
50149 50127 39243
50276 50228 46302
50303 50388 44063
50475 50486 26485
50515 50548 2016
50674 50640 39177
50752 50701 10005
50803 50844 24308
50917 50986 29363
51021 51045 7337
51109 51193 13094
51289 51273 13783
51382 51384 14302
51475 51448 51262
51512 51516 41399
51689 51614 2946
51764 51767 33565
51866 51824 47524
51943 51922 4173
52017 52041 26754
52118 52195 51132
52227 52255 41665
52319 52331 41395
52425 52457 35916
52567 52577 46898
52601 52669 30756
52719 52753 50394
52838 52885 41543
52950 52935 33940
53054 53073 22719
53182 53144 10620
53248 53249 8325
53365 53380 52773
53429 53418 27622
53513 53527 3389
53685 53609 44661
53785 53795 1701
53836 53880 47807
53911 53985 12879
54057 54059 7984
54181 54170 48425
54294 54288 44488
54307 54307 4304
54402 54445 25105
54565 54591 49178
54672 54605 54666
54736 54762 49629
54888 54877 44580
54982 54953 12955
55009 55068 7209
55159 55181 35763
55236 55235 33326
55343 55329 48915
55489 55433 50838
55569 55595 25748
55692 55639 31416
55753 55760 25505
55896 55805 20831
55911 55963 38419
56043 56077 19339
56161 56192 23958
56256 56271 26186
56375 56305 49477
56415 56438 30552
56519 56599 12463
56645 56665 35448
56753 56785 42525
56891 56807 20833
56938 56916 39035
57097 57074 30120
57137 57188 1696
57229 57214 5081
57300 57387 3315
57441 57470 25333
57540 57598 35809
57640 57637 33101
57765 57773 53066
57822 57850 15616
57917 57973 47644
58080 58022 11655
58101 58130 19541
58200 58272 22436
58332 58390 57818
58440 58450 44402
58507 58505 18031
58658 58630 56002
58754 58798 4852
58857 58894 844
58941 58983 56472
59073 59094 1459
59127 59175 17322
59271 59263 5728
59338 59353 19641
59454 59465 53244
59523 59544 12110
59655 59629 32892
59759 59751 11093
59885 59809 56703
59953 59991 36591
60019 60025 52167
60176 60131 4212
60201 60271 32148
60340 60309 24464
60449 60447 44756
60597 60584 48158
60632 60619 50915
60717 60705 44956
60861 60832 21289
60979 60954 32187
61019 61058 14129
61123 61183 21107
61279 61226 52371
61382 61347 22654
61466 61486 28179
61594 61524 26953
61600 61683 56752
61795 61769 18771
61878 61863 4588
61986 61988 23918
62014 62056 52353
62117 62176 61269
62273 62249 42812
62344 62320 33030
62465 62453 6787
62577 62585 43490
62620 62688 27563
62776 62790 2754
62879 62823 2398
62968 62948 53204
63052 63048 52706
63172 63159 32925
63206 63239 26569
63329 63366 3395
63498 63416 24390
63530 63598 27791
63654 63661 29542
63714 63741 42391
63857 63813 27384
63969 63938 58505
64097 64022 31698
64132 64178 13320
64250 64206 14914
64327 64394 32491
64488 64426 9155
64582 64588 176
64619 64659 36790
64720 64793 39406
64856 64885 13735
64939 64926 30860
65067 65097 48633
65138 65159 39646
65228 65230 12197
65379 65365 26767
65422 65484 10662
65553 65513 5572
65673 65631 46773
65724 65792 42536
65826 65883 38846
65996 65991 59301
66022 66048 30008
66136 66196 23768
66295 66296 33919
66366 66344 25831
66494 66467 39864
66527 66524 23692
66651 66669 38189
66725 66755 16555
66840 66816 9796
66940 66986 29278
67011 67095 9359
67126 67114 2816
67203 67250 57725
67309 67389 18735
67412 67457 31156
67523 67539 26962
67612 67693 58519
67706 67786 29659
67874 67863 11310
67958 67926 44908
68019 68004 56691
68124 68146 2273
68215 68265 690
68342 68327 39880
68497 68446 2171
68596 68591 9334
68605 68654 46151
68743 68734 29823
68845 68808 15237
68954 68933 52050
69030 69065 48985
69123 69187 15119
69240 69284 56564
69389 69301 58207
69478 69405 36554
69527 69583 26525
69622 69609 26259
69744 69769 32980
69884 69841 33435
69984 69984 34226
70054 70074 69495
70172 70190 15853
70238 70258 67171
70305 70376 35114
70452 70411 69868
70500 70569 26738
70619 70696 8063
70768 70726 24741
70873 70871 39027
70955 70939 46842
71075 71011 1692
71147 71181 56139
71274 71238 12849
71395 71338 42738
71403 71494 843
71557 71599 15052
71648 71626 26675
71758 71719 59549
71880 71819 50744
71954 71900 25231
72077 72082 8038
72176 72194 2950
72233 72221 32615
72359 72300 61027
72482 72462 22343
72592 72555 34279
72692 72674 11358
72733 72786 5439
72850 72875 67393
72931 72982 32511
73044 73026 6485
73131 73103 57509
73287 73204 34765
73304 73366 46039
73488 73404 22393
73565 73589 11402
73602 73646 20631
73760 73781 16017
73885 73860 69823
73909 73930 40589
74078 74060 72998
74100 74152 73505
74225 74209 2895
74345 74375 11539
74413 74404 28828
74550 74530 44473
74641 74623 67679
74767 74742 56690
74891 74888 60325
74951 74928 40100
75031 75043 27776
75153 75160 2169
75267 75258 73210
75364 75392 75255
75461 75427 3492
75592 75554 65787
75640 75642 41240
75779 75704 40798
75899 75810 4324
75906 75927 19563
76007 76029 41673
76147 76135 32944
76237 76222 60213
76366 76390 74720
76416 76461 21342
76505 76547 27834
76611 76629 29648
76715 76730 10629
76892 76822 15268
76957 76972 19798
77021 77096 48238
77110 77158 19152
77245 77234 63147
77308 77322 63156
77447 77428 76138
77541 77518 76628
77654 77686 22775
77729 77712 1468
77885 77807 45001
77962 77957 50565
78054 78043 14408
78118 78156 43044
78209 78288 53451
78388 78305 14604
78418 78416 23097
78526 78527 23783
78681 78612 22646
78774 78707 46527
78806 78867 11789
78910 78939 21810
79019 79029 18591
79111 79118 38641
79229 79228 40036
79351 79397 4837
79479 79470 13716
79585 79580 46978
79671 79614 72193
79760 79743 9572
79886 79812 55778
79963 79927 7964
80038 80007 67163
80128 80180 5904
80224 80286 67153
80358 80394 35179
80487 80444 30694
80579 80554 55057
80684 80638 57813
80772 80770 78988
80828 80801 49414
80992 80905 17834
81029 81085 16447
81188 81138 70239
81273 81280 21182
81322 81317 4939
81484 81423 74581
81561 81544 61627
81624 81643 20619
81796 81741 79493
81880 81893 45986
81951 81957 6577
82097 82053 6378
82144 82147 34505
82247 82284 45592
82339 82316 8127
82416 82496 34275
82595 82560 67224
82630 82694 41146
82721 82798 37119
82803 82801 38621
82965 82947 63566
83069 83070 22138
83121 83179 7117
83240 83277 7928
83312 83363 57266
83402 83487 59853
83585 83501 15271
83659 83692 72894
83782 83769 27080
83862 83825 36227
83980 83933 37213
84037 84050 31540
84102 84152 71271
84214 84283 74343
84369 84362 47895
84437 84478 82997
84508 84587 49346
84660 84627 31488
84779 84736 65375
84806 84825 29080
84949 84924 80388
85060 85000 61286
85182 85129 58427
85254 85252 67139
85346 85364 781
85474 85476 18646
85520 85563 69148
85627 85646 19776
85769 85727 3305
85836 85841 40454
85973 85922 80809
86034 86022 77188
86126 86113 56476
86221 86220 5238
86335 86370 56790
86452 86418 41029
86547 86503 60378
86696 86639 73182
86714 86782 78258
86887 86807 67524
86969 86913 42673
87097 87085 81327
87102 87169 35063
87229 87255 97
87344 87348 71036
87459 87469 86974
87586 87513 25391
87608 87668 37389
87715 87775 86059
87834 87898 58222
87923 87988 39209
88079 88038 8951
88130 88144 81673
88203 88275 14891
88375 88377 81661
88417 88461 49455
88507 88561 16498
88615 88627 81146
88718 88705 4158
88891 88836 10117
88919 88990 34495
89036 89036 70375
89128 89139 62001
89273 89242 76119
89355 89352 43392
89440 89402 35320
89535 89505 74858
89601 89688 66699
89702 89741 78543
89815 89809 78352
89961 89963 88893
90047 90098 32165
90172 90134 59773
90237 90221 80057
90370 90337 71638
90401 90448 13117
90580 90534 76552
90616 90643 74644
90796 90799 61486
90833 90844 44104
90930 90904 19167
91019 91054 20868
91162 91138 34278
91282 91273 36449
91370 91374 40761
91452 91462 60724
91544 91519 7117
91603 91675 22620
91787 91710 24180
91870 91867 52313
91917 91979 13756
92040 92023 23992
92160 92186 31198
92256 92215 43649
92313 92389 79984
92434 92402 37824
92541 92525 36658
92613 92675 52922
92756 92792 62406
92864 92882 61673
92975 92985 15599
93070 93054 35000
93141 93180 84165
93212 93243 81308
93392 93350 5683
93454 93412 86272
93503 93568 65008
93607 93642 23698
93795 93771 38616
93809 93828 24536
93958 93926 78485
94070 94072 4858
94170 94134 5104
94242 94251 6912
94365 94345 92381
94453 94461 91744
94549 94587 56618
94693 94676 25639
94724 94715 70985
94863 94844 19125
94903 94958 12509
95019 95062 6196
95122 95144 87318
95263 95276 8972
95396 95354 1005
95443 95486 24376
95590 95517 92225
95623 95657 85807
95743 95703 39978
95814 95847 49693
95966 95968 76506
96041 96007 23099
96126 96127 70711
96264 96246 68653
96322 96397 44219
96470 96482 40716
96519 96524 88589
96653 96654 70260
96743 96711 18170
96805 96827 21721
96935 96941 76315
97066 97048 888
97184 97153 81371
97229 97298 32598
97381 97343 3415
97446 97425 39174
97525 97508 8785
97615 97619 48201
97768 97738 13569
97899 97869 75346
97922 97958 94583
98054 98082 4905
98137 98167 80428
98256 98243 50714
98391 98376 61850
98478 98424 21344
98505 98518 27836
98665 98678 32651
98773 98745 66883
98804 98896 41830
98977 98994 90991
99068 99059 81203
99121 99162 41311
99258 99246 96407
99322 99348 11424
99479 99490 23026
99543 99510 82836
99618 99690 34128
99785 99746 19781
99888 99848 59203
99935 99964 63987
