508
69774 84867 97040
80958 17528 978
20197 15538 69374
37717 77917 51203
49056 60700 60970
14441 21269 69631
47663 89080 11208
22373 32143 53990
28479 98979 44464
64414 93015 9326
18128 77337 40140
50789 61561 11202
94658 51517 13316
75526 91790 11715
8106 35627 48075
8240 45460 15150
20961 5250 34747
22615 45418 45424
86523 79144 95508
68632 51894 58755
87012 98661 60819
46371 34910 91516
19420 33665 41315
42649 52284 39728
4445 59683 14585
93208 60020 76779
22501 83396 83734
79212 32695 95192
10484 11422 8354
81442 93714 67229
11803 3274 14092
39886 86268 31846
25430 10320 66597
30986 81674 11240
60720 387 95751
88762 70890 15685
11276 48785 55842
5541 71820 81192
80197 75609 2633
81977 71890 71485
82570 85042 74685
29733 51236 27264
45803 4216 54943
97150 70466 30603
92293 22743 61705
6826 88785 42984
70127 80863 6834
31960 50084 78039
28650 77391 28518
93654 35594 25682
31474 58506 57862
92946 68362 23485
26876 13484 12977
38046 5881 91043
57577 74955 18614
3748 925 77328
92777 45184 53715
66634 9245 71050
84294 55300 98322
69669 44861 63533
4250 68135 11755
10391 38166 75745
88554 49097 14805
18879 82401 31156
1498 62055 45740
96393 64441 18809
6039 89531 61478
64679 94442 49749
16027 37021 72963
15395 60911 12065
18512 13094 621
22814 929 85265
53211 24512 94280
35650 64431 93197
71432 48031 49388
59210 58190 82875
12637 14286 87684
53374 76081 9881
99822 54280 29773
59439 22703 54610
12517 36430 96423
84846 78090 30964
16633 76394 55270
44849 41378 80544
15149 79155 16208
82092 96349 69089
30497 75798 94146
77977 7562 75136
46082 39209 12963
19745 479 97015
55378 25632 11390
98040 72204 10219
69813 82699 17634
21153 94176 83097
72106 6919 29798
86672 70925 41837
73195 92484 34224
64229 37560 51638
35912 56725 61663
53647 90043 13678
17320 67158 87522
17872 2766 83819
66035 6291 41445
95442 79130 14897
72121 15548 48012
7009 64388 14982
50179 57401 81154
35691 47610 93386
52317 36634 25053
92616 60506 5857
30291 21995 57730
84270 16969 16368
15948 26026 41704
37123 42683 58421
26812 39232 13160
26818 3922 48696
2524 53187 27156
96243 46187 67597
72626 19218 47488
76135 90407 98116
3523 15072 18067
16226 33852 11469
57751 29077 85275
69599 35021 33279
26800 9546 6190
62992 82132 77516
37968 40505 57156
66683 98358 58905
160 64366 14546
42189 77913 47711
80515 81497 76926
58714 53701 9429
97888 2986 39620
51126 60196 54467
6337 81619 40987
73045 72252 22539
23875 79361 94385
62913 68680 23328
28758 51589 76902
24004 8317 72174
97479 30188 4929
49676 93348 89822
25286 98738 75784
95792 8 77048
25425 13621 74912
46796 53235 96831
11496 35302 39364
15950 37556 19132
56818 54936 66799
2171 84085 77028
49724 39258 39203
22337 14398 29161
80484 80316 71339
3719 40869 77134
51845 76231 66520
8155 16481 83105
2720 17205 31751
13644 59560 16641
48662 276 69257
53347 81971 36899
48846 14326 13427
86875 85065 50621
57500 34872 73995
53273 70468 80923
96823 17094 29532
86570 70532 58546
36569 61555 39542
58856 23060 22133
34402 18475 94832
47736 29258 35635
24600 24085 58315
58128 25804 85620
47340 55691 83419
90654 23041 71681
42670 90046 61050
20172 54564 58735
97474 35469 68039
74372 73996 44989
96698 41219 41445
14299 35539 35457
4387 66782 18421
50879 23720 51915
18351 64818 75480
27585 53590 22075
66765 96778 82048
13784 23078 8100
32593 70367 70838
64714 39277 37098
2928 7679 43497
27954 90829 6223
40903 98914 33226
69542 98955 43190
64443 91975 36601
56546 10203 71129
78787 50678 70809
82650 92194 98247
21728 41214 11493
14730 72409 40186
20340 79773 17611
19 31982 95461
81684 66253 53955
31066 4586 48983
46391 26408 68400
43594 53838 63823
57246 67409 22479
32278 84776 2297
56141 37721 71326
37539 98188 41204
42821 96575 88109
97012 729 14872
3341 91345 59029
97848 31146 25666
24829 74104 27794
17546 31841 47198
72896 60722 56921
17960 78905 54720
83021 73885 84295
66743 41466 63076
42128 12044 92629
95641 66178 14092
8047 61225 54220
12954 35602 53972
98746 86745 1366
63030 61220 90861
72364 65856 28892
45541 97366 46687
85956 21165 91567
95388 1924 31094
56989 39996 29466
2980 84905 38802
63286 11671 53889
19143 11459 78956
54024 47220 63192
83776 95593 32286
58507 38321 96742
83215 96163 6764
65022 82044 50592
20540 46603 65495
89040 53288 2826
78930 11381 76651
10208 57542 75695
58070 33966 73438
63798 61058 60380
55901 38584 49771
53158 95753 64515
22125 94097 43711
57565 41880 61438
58657 6786 68380
95224 22278 52810
56187 80129 92041
5030 23436 42092
11081 25698 27924
26699 55275 79147
45249 62388 44040
43976 65421 1059
91650 96495 18587
96204 34858 21756
38518 4135 15338
53021 89052 95143
93246 91042 99923
58468 23722 30356
7176 32997 14838
89793 82088 49180
92970 13112 35591
24843 96252 27680
79697 12355 35350
46306 85097 91607
64102 66880 44650
7248 45194 550
96214 27626 29303
36270 66971 77677
80423 96703 38539
38758 46430 68671
64229 99492 58780
74568 73324 63620
85566 7808 54176
32323 95944 91341
28114 20101 6676
84361 38436 69634
96411 36634 76395
52919 19690 54282
97973 71407 70243
51657 79925 13308
5387 77347 72267
40628 48364 96311
79494 28352 71607
26309 17643 33352
91874 57233 57772
89489 38574 17629
22771 27969 78356
58169 97072 45435
73554 44733 60988
82075 95036 92390
71159 48132 45648
68737 32166 80108
18871 51838 87370
29433 72291 63810
97810 58512 7521
90158 31473 5241
40647 91015 96256
53445 59080 1568
68010 34471 27087
72435 25750 48845
34278 98018 8400
42262 93954 32665
40517 82169 20051
54792 34382 68234
19580 80572 25585
67144 75761 42242
23803 12480 69886
58026 59338 89745
14509 41890 76373
91074 85289 50354
95601 62086 95902
83301 70639 56461
29135 9098 3792
98100 39024 24586
73314 71052 94066
50513 11355 47879
54226 24395 47479
72217 4573 11280
65069 99047 87260
84539 46186 53452
52328 42456 17780
28647 12113 50160
61386 87944 71643
27502 28751 50055
49946 23456 95808
33716 3333 19027
23582 99056 10306
57151 82201 73283
99226 9826 15974
36613 75192 89266
28739 8444 32875
16549 92987 62543
71254 62280 81209
83825 45477 93551
32727 14199 13831
25938 62539 42747
67985 91 93042
6982 12516 22650
73708 48111 54655
25153 45734 87670
75294 32428 60729
92464 10276 97481
41917 44987 99569
22714 76757 29168
76260 77635 92223
27336 72940 38059
84800 47859 40109
57513 40016 99612
95705 23222 75751
35343 47133 26290
48961 36112 1660
10081 22974 35982
47131 88788 29381
29860 98184 37195
11553 94449 50557
72840 992 51675
27253 77721 22444
12319 60510 46450
88724 11824 56646
23363 64412 14187
27993 36181 30888
38165 49902 94733
56857 26413 54634
47244 26006 81140
14598 81564 36838
75036 78414 28784
59615 49498 18188
18622 23323 18841
90421 43585 39620
73861 85372 52660
97749 88670 35788
83093 1292 3161
72781 56843 48545
60918 88744 96160
16924 2324 24326
53112 47165 20479
13578 5367 36034
58750 1557 77262
80180 77488 10071
3029 59587 40696
26224 4452 3002
24785 10970 19289
69923 21519 89108
33913 5468 27743
28145 96230 39844
35242 97870 89419
44268 18105 82488
76376 28113 6135
46818 46277 82588
552 76871 81031
23857 95051 25273
3511 54849 93387
93803 77387 11993
35887 77208 90890
73762 29627 85079
40931 88922 9672
88344 65695 90094
2961 98073 48492
33244 68321 92903
82126 94758 14995
64820 75411 66461
71909 35857 55958
74532 58466 60258
9128 78634 60049
15352 38153 81461
86760 72340 31311
54596 57661 25973
42658 9768 87628
48485 25393 14463
7881 76179 74867
92458 41291 82034
58911 33047 2639
14601 95213 792
87764 66367 62388
18762 1704 71657
37799 57545 97882
47003 68135 76756
16100 98109 46061
12860 96676 55053
53472 31323 2462
2796 61979 2935
27123 57764 9885
8292 40292 4393
55854 17289 1705
45988 55906 50078
51122 91529 79393
41968 42356 10779
55346 23092 74203
94543 89716 59517
38005 35535 60165
89273 69463 30058
4328 88111 80078
12114 37744 93825
67025 93771 47168
34528 70236 1755
72435 35305 19158
18082 66219 26608
85134 62570 23558
44311 75820 73633
63384 63705 95515
30057 26026 32389
15429 79816 31213
53218 25797 12739
75685 58674 73313
13799 66970 86873
21639 12928 86183
66942 95659 89683
53162 9813 64939
53025 50070 95811
28357 27795 28616
28108 31343 47006
19086 94772 90194
80103 85842 27119
46165 23159 36726
19862 93910 42974
22238 80792 55356
15231 5450 61707
19121 47230 60404
64634 66220 40350
58101 75984 86962
32102 99343 72218
76388 95968 46510
57926 83395 63458
12039 52481 68329
48596 51835 16855
17807 68756 97295
60619 33845 55290
61544 30644 87861
39450 50670 43321
11514 65750 81876
72591 35322 31296
98309 61475 88384
37039 85347 48522
35626 8192 75715
57869 98635 89646
52633 95343 47074
33465 1467 17013
70022 97666 85850
79672 24747 29319
31503 450 50069
26421 7209 95497
8965 47428 42112
29432 26123 34240
40605 22921 45440
56532 97629 21718
94428 69591 13974
47278 88260 15902
8021 98843 50765
39774 16392 38945
36590 44287 74336
21758 42452 96285
80697 42451 71883
58618 94286 33923
53417 48057 80217
90411 32292 16762
34576 79342 40052
46215 41093 25695
10326 68649 51911
24434 9681 15338
88978 33017 6185
29289 44971 73039
28470 76602 15488
10584 78385 76790
71495 25658 14596
22656 63278 70577
