1000
36 60 80
126 184 6
264 238 124
331 365 71
419 416 395
589 544 24
696 680 181
717 763 123
885 877 222
964 902 808
1043 1020 563
1112 1121 1098
1280 1244 947
1399 1356 819
1498 1400 849
1592 1541 1158
1615 1695 1646
1745 1745 1764
1833 1895 1463
1997 1980 1226
2009 2068 184
2162 2108 886
2203 2220 1292
2321 2318 1320
2466 2424 2120
2524 2552 2426
2682 2690 991
2746 2779 499
2883 2840 684
2938 2999 1873
3072 3094 155
3162 3116 1059
3283 3286 2016
3391 3344 2747
3453 3400 999
3552 3557 2885
3602 3637 3568
3735 3799 205
3822 3841 1393
3978 3932 1913
4024 4050 450
4127 4168 620
4233 4242 841
4324 4353 1916
4437 4472 481
4503 4538 440
4671 4646 2731
4734 4746 817
4894 4875 3638
4974 4994 4862
5080 5068 786
5195 5120 5085
5206 5214 2103
5317 5349 265
5498 5426 4972
5564 5521 1253
5639 5675 2934
5745 5757 2302
5823 5816 1703
5981 5961 5335
6033 6031 4390
6163 6129 196
6221 6244 3387
6353 6310 3084
6493 6429 1448
6556 6546 5251
6671 6684 4049
6790 6729 799
6893 6896 3149
6971 6968 2441
7014 7011 1863
7198 7116 2833
7261 7284 577
7389 7342 2738
7440 7447 1368
7519 7518 2120
7632 7658 3986
7767 7761 1813
7870 7861 6404
7942 7940 2753
8041 8032 4512
8122 8179 6783
8257 8242 1290
8328 8314 1768
8407 8449 25
8530 8575 831
8615 8699 441
8778 8770 6680
8840 8853 6899
8933 8965 2203
9042 9053 8959
9114 9109 699
9204 9256 3079
9320 9396 9332
9401 9480 572
9503 9590 6836
9688 9655 8043
9739 9768 450
9892 9878 6432
9927 9933 3608
10092 10088 1381
10119 10178 2071
10201 10278 3796
10365 10397 2063
10411 10444 6650
10571 10589 3629
10624 10619 2132
10738 10778 5726
10816 10883 9481
10945 10964 3195
11087 11033 10886
11179 11166 1835
11289 11285 7782
11390 11305 2000
11406 11461 2233
11587 11558 7147
11647 11637 7746
11761 11730 3143
11803 11834 4677
11917 11924 10623
12034 12054 11477
12183 12193 8563
12230 12216 3526
12368 12318 4451
12493 12453 2899
12574 12541 1928
12669 12681 9392
12754 12799 11600
12813 12800 5176
12944 12956 1399
13081 13086 4532
13197 13190 199
13295 13240 13013
13325 13313 3406
13416 13446 4289
13553 13541 478
13699 13655 10579
13705 13764 98
13871 13884 4887
13914 13964 2333
14003 14012 3890
14199 14198 8956
14255 14237 10911
14346 14362 4418
14475 14467 7200
14555 14599 9125
14692 14644 12533
14725 14707 11899
14801 14819 5462
14904 14954 460
15032 15061 10319
15199 15120 9353
15241 15210 11046
15360 15336 11609
15499 15432 7966
15594 15580 9549
15656 15683 10611
15713 15764 5052
15804 15875 12384
15938 15923 771
16030 16068 2014
16157 16148 5634
16244 16268 4875
16370 16399 1132
16491 16412 1735
16551 16573 2785
16633 16655 10962
16776 16787 15167
16872 16864 330
16936 16988 15532
17059 17082 14660
17107 17194 4230
17276 17250 8670
17305 17314 10569
17478 17456 8924
17520 17591 13416
17693 17638 1586
17704 17768 4719
17863 17845 9017
17995 17923 10847
18030 18043 10954
18147 18193 9271
18294 18290 12716
18305 18300 14468
18418 18454 468
18504 18511 18545
18634 18653 4601
18712 18771 6203
18807 18896 16416
18955 18914 11233
19046 19058 18835
19146 19103 12738
19291 19295 17493
19365 19359 1782
19480 19470 4438
19541 19546 12391
19693 19659 10692
19794 19798 10153
19857 19867 5692
19947 19952 12351
20032 20020 5805
20190 20164 1057
20292 20251 5042
20386 20337 8700
20418 20494 2259
20586 20538 12381
20691 20660 9865
20772 20745 1688
20895 20873 20161
20921 20951 9100
21069 21062 13333
21138 21136 18922
21286 21276 11103
21363 21365 5953
21442 21438 888
21503 21533 2527
21629 21649 2786
21753 21714 2691
21889 21844 14594
21974 21943 4016
22081 22024 7159
22103 22129 18758
22287 22264 10539
22317 22310 7912
22401 22436 16616
22595 22566 21786
22678 22615 113
22786 22728 5908
22866 22804 15692
22905 22949 21863
23009 23015 9683
23170 23156 21116
23298 23299 10027
23358 23365 14074
23484 23499 10337
23514 23515 16840
23678 23633 22306
23764 23768 19031
23860 23831 21032
23953 23992 1709
24027 24082 19889
24182 24121 19573
24222 24215 9581
24349 24323 5915
24478 24435 13884
24511 24596 3994
24635 24629 18617
24784 24788 3784
24862 24831 16911
24905 24941 15190
25048 25051 14563
25171 25121 18225
25205 25271 1914
25344 25394 24161
25459 25433 137
25573 25511 22515
25679 25657 8382
25736 25771 2102
25872 25898 18688
25942 25902 2662
26026 26050 7765
26148 26110 10089
26244 26285 24095
26397 26309 24762
26419 26419 11968
26561 26540 2692
26668 26606 5307
26787 26739 9851
26881 26809 16565
26921 26946 19683
27056 27016 14429
27171 27156 5955
27202 27229 26689
27353 27306 13376
27432 27469 26601
27543 27555 6308
27645 27679 19061
27760 27708 9484
27883 27804 15984
27958 27993 7806
28098 28005 26127
28136 28199 2218
28237 28233 16543
28375 28393 10697
28420 28461 1850
28524 28544 2091
28684 28651 3203
28765 28711 9569
28827 28874 21982
28985 28978 12746
29034 29026 20120
29115 29123 15306
29219 29228 13712
29332 29348 9365
29453 29465 1061
29509 29541 21236
29675 29628 7944
29709 29707 14846
29837 29870 17142
29967 29985 14300
30042 30066 3823
30168 30151 5047
30235 30280 24824
30319 30351 14441
30418 30453 967
30555 30515 16061
30672 30668 30267
30726 30772 5659
30868 30830 6043
30962 30929 8227
31004 31075 16419
31109 31128 30693
31259 31212 15938
31335 31342 1342
31421 31496 16760
31577 31575 24390
31672 31616 27439
31745 31708 11098
31837 31855 27752
31930 31946 6512
32008 32080 9876
32144 32130 15640
32240 32294 20689
32323 32312 27833
32451 32433 3400
32597 32518 30338
32635 32630 18212
32799 32750 1380
32846 32804 14121
32963 32934 14725
33006 33065 19791
33137 33149 20757
33248 33235 24254
33370 33365 13619
33452 33406 401
33538 33595 32279
33660 33617 1465
33784 33718 20113
33844 33891 28125
33971 33908 7417
34042 34019 10713
34107 34165 28034
34288 34288 19433
34385 34365 27944
34445 34408 31940
34506 34562 33389
34602 34603 5755
34709 34782 6576
34808 34860 26157
34963 34908 19568
35057 35041 5828
35199 35199 2557
35277 35220 21334
35347 35379 12577
35426 35448 28543
35564 35513 26494
35677 35619 29665
35788 35721 29740
35897 35812 5510
35969 35970 25056
36070 36017 35575
36135 36113 35283
36267 36232 12565
36332 36325 10434
36493 36491 660
36564 36589 31868
36634 36655 18644
36755 36740 29256
36882 36859 19013
36968 36910 15476
37007 37062 29581
37179 37134 26401
37239 37257 36900
37321 37317 34717
37407 37403 15039
37559 37585 1915
37610 37602 22729
37704 37709 37383
37850 37843 6622
37955 37908 34927
38045 38040 20662
38150 38182 34321
38257 38237 22457
38347 38331 15951
38429 38442 11505
38549 38504 26397
38628 38645 30651
38764 38779 3848
38874 38803 24986
38906 38987 31743
39086 39004 14949
39147 39166 12076
39288 39290 29076
39350 39392 38184
39497 39422 20060
39564 39559 1613
39645 39676 17290
39786 39708 10417
39836 39852 17849
39956 39959 9984
40012 40033 39352
40160 40136 14893
40225 40245 16516
40340 40347 9241
40434 40429 31145
40599 40595 32834
40622 40602 1848
40730 40756 28589
40863 40816 35000
40911 40990 26421
41001 41074 7391
41116 41132 40448
41231 41290 20369
41350 41314 22745
41484 41412 21612
41543 41598 20006
41662 41646 17000
41753 41733 32895
41886 41830 36796
41917 41924 29424
42049 42031 18191
42104 42186 40082
42222 42293 6386
42334 42344 10124
42445 42412 12650
42587 42581 18847
42682 42644 29595
42789 42795 5554
42809 42836 40550
42927 42915 20119
43072 43088 19194
43190 43152 17118
43238 43269 15489
43373 43360 37874
43459 43402 31049
43518 43571 27974
43602 43687 23679
43722 43766 35652
43877 43800 39013
43902 43932 23365
44039 44028 4360
44152 44144 30296
44291 44293 13079
44333 44323 40201
44416 44483 25836
44582 44552 43740
44644 44673 11956
44707 44797 3315
44816 44830 12437
44985 44931 34523
45041 45050 8130
45100 45115 7734
45224 45202 23766
45368 45376 19718
45427 45403 35874
45571 45506 31156
45623 45646 19283
45716 45734 34129
45827 45874 17040
45900 45982 38946
46018 46028 20178
46189 46164 15361
46241 46292 41836
46315 46309 27273
46441 46482 44428
46549 46546 31703
46683 46631 3197
46710 46773 4624
46827 46802 3748
46989 46963 30360
47080 47048 6192
47125 47106 31355
47292 47265 18999
47325 47320 690
47496 47441 44482
47547 47527 14162
47619 47611 5989
47704 47740 40478
47877 47823 16630
47902 47924 6431
48078 48044 18388
48198 48106 41839
48244 48288 41544
48377 48398 6897
48457 48484 19218
48524 48556 8158
48638 48641 14008
48790 48773 17566
48820 48872 5668
48922 48982 35158
49005 49078 4205
49177 49143 30505
49299 49294 5277
49337 49337 47114
49409 49407 21839
49595 49534 3970
49662 49667 47515
49766 49719 32268
49867 49863 47336
49944 49979 38399
50086 50070 21044
50171 50197 36455
50223 50273 9098
50309 50393 35488
50433 50461 26112
50514 50572 37997
50699 50676 8370
50791 50777 18426
50825 50830 18987
50966 50954 9216
51009 51099 46078
51197 51147 36682
51247 51215 24136
51318 51308 47116
51417 51444 14347
51510 51558 18702
51699 51678 19009
51776 51784 45871
51801 51888 40123
51950 51946 35842
52066 52011 23008
52186 52136 18554
52289 52201 31362
52322 52310 12341
52405 52417 6222
52558 52518 40071
52620 52679 50464
52787 52713 9045
52871 52826 47354
52990 52943 25661
53075 53037 43143
53184 53145 3469
53276 53283 789
53383 53316 13414
53463 53439 15854
53508 53528 22683
53639 53654 18455
53716 53728 13197
53843 53834 25037
53958 53964 20
54058 54095 8779
54178 54178 49642
54297 54217 16566
54371 54388 45599
54463 54414 20498
54575 54585 33002
54686 54643 26470
54725 54778 16816
54857 54827 8593
54985 54957 17080
55039 55033 35291
55119 55183 20444
55269 55248 17215
55308 55304 26851
55435 55461 10123
55534 55574 28560
55600 55674 31836
55728 55706 36684
55821 55852 21740
55975 55947 10910
56003 56091 3385
56107 56173 47573
56228 56269 30048
56354 56349 25174
56447 56426 41754
56503 56556 1390
56650 56696 8509
56749 56718 48905
56891 56839 13570
56994 56920 32718
57018 57046 29030
57103 57179 8704
57273 57259 7681
57325 57311 1202
57472 57468 33019
57515 57504 30126
57677 57647 30428
57713 57731 31393
57818 57868 49902
57975 57978 46355
58052 58003 17657
58128 58115 47599
58208 58208 43133
58329 58324 47740
58437 58419 5906
58572 58592 20194
58672 58611 51770
58745 58704 21741
58807 58899 15903
58931 58900 774
59017 59074 17770
59154 59119 9731
59262 59287 22845
59349 59323 5111
59451 59407 16199
59522 59558 6086
59648 59623 5404
59747 59740 33222
59813 59800 18328
59997 59954 31121
60060 60044 43659
60122 60165 39089
60244 60278 45764
60353 60302 15204
60494 60439 14506
60524 60569 24203
60629 60601 41901
60765 60746 32741
60825 60834 55620
60992 60923 40564
61008 61001 3191
61189 61131 14510
61214 61298 15833
61358 61399 19451
61448 61422 39322
61583 61592 48889
61602 61608 27618
61714 61780 22920
61888 61877 52436
61948 61936 29395
62021 62052 48218
62100 62126 25465
62218 62212 5041
62386 62350 29075
62492 62437 18438
62540 62576 37148
62609 62689 10654
62749 62730 40224
62827 62882 33978
62909 62906 14524
63082 63092 29443
63112 63158 19219
63234 63218 6908
63307 63322 49526
63421 63400 17720
63571 63593 20352
63624 63609 26781
63775 63754 26998
63810 63859 12803
63943 63952 573
64007 64069 4208
64162 64139 387
64249 64278 9835
64312 64379 48697
64463 64423 54138
64533 64538 12666
64682 64619 2051
64792 64702 18272
64808 64838 30171
64972 64955 13662
65090 65094 54760
65195 65144 48784
65257 65231 23317
65324 65353 13341
65407 65466 33887
65572 65529 28706
65624 65678 21866
65731 65736 62259
65863 65891 54607
65992 65918 15279
66021 66097 39734
66175 66172 13211
66245 66201 46204
66360 66345 13000
66489 66463 48692
66541 66547 58223
66636 66626 26722
66711 66779 53589
66830 66876 9614
66931 66903 41132
67022 67040 57463
67161 67198 7710
67217 67273 45569
67328 67317 55183
67432 67449 44343
67566 67539 50002
67664 67677 16449
67792 67784 46490
67853 67850 30467
67990 67994 22708
68035 68095 57674
68113 68106 36766
68249 68288 60335
68356 68398 14260
68478 68459 10809
68544 68564 34309
68637 68692 18213
68726 68701 7747
68875 68801 38966
68960 68902 68995
69051 69053 47985
69109 69167 5668
69259 69232 7033
69324 69321 33655
69489 69432 2636
69539 69580 24822
69632 69608 23236
69704 69753 13721
69857 69884 28252
69937 69959 2603
70099 70069 24962
70104 70154 54073
70242 70278 49871
70309 70328 49014
70479 70442 54960
70555 70588 9754
70646 70688 6453
70779 70770 45624
70899 70823 60624
70939 70918 67251
71038 71027 66316
71179 71133 38260
71239 71209 60179
71391 71315 67653
71430 71458 6762
71578 71535 33642
71600 71644 35272
71708 71797 20823
71895 71831 33726
71922 71971 14505
72041 72087 52360
72189 72110 42826
72220 72274 11567
72317 72345 31148
72483 72455 1723
72573 72579 60391
72615 72611 62576
72786 72780 42726
72899 72805 47818
72906 72918 1976
73035 73056 27675
73139 73152 66031
73250 73298 61038
73393 73342 1006
73489 73415 54439
73590 73533 72177
73650 73636 70497
73720 73776 31208
73840 73882 30252
73987 73973 7796
74027 74020 10312
74141 74144 22587
74217 74220 21076
74316 74352 15351
74478 74427 21297
74502 74535 64917
74650 74689 66471
74793 74759 8816
74870 74813 54883
74966 74919 22181
75020 75046 4588
75194 75176 2632
75286 75275 25616
75371 75331 27686
75421 75497 15208
75597 75584 15621
75655 75692 17872
75710 75779 55118
75890 75862 23718
75982 75976 23782
76091 76008 62492
76125 76108 75721
76225 76212 69760
76365 76312 25775
76491 76418 39449
76565 76589 33476
76618 76678 68720
76742 76700 51473
76811 76830 56383
76984 76994 56338
77021 77053 58496
77185 77116 54201
77235 77221 23760
77343 77387 37919
77477 77407 30991
77560 77508 56094
77698 77641 71305
77743 77737 25859
77863 77827 9791
77912 77950 69054
78033 78038 52732
78102 78134 38777
78204 78229 24202
78307 78310 53877
78497 78466 62606
78591 78595 5041
78646 78631 36614
78782 78726 73497
78817 78889 13538
78912 78941 41983
79072 79024 53505
79193 79183 63472
79282 79212 15202
79392 79396 47168
79460 79433 63825
79573 79533 72701
79630 79601 6239
79766 79745 28496
79884 79809 54445
79964 79997 66625
80095 80086 33333
80136 80142 31456
80271 80205 12473
80344 80386 16628
80494 80439 53518
80504 80511 25072
80627 80678 29998
80704 80784 40774
80836 80874 52129
80945 80990 78670
81069 81080 12338
81182 81168 53781
81235 81250 21811
81396 81388 10144
81400 81407 56608
81536 81566 12270
81665 81660 37064
81711 81790 7726
81839 81880 498
81939 81948 11365
82071 82052 54088
82152 82150 80521
82286 82201 70055
82367 82381 22082
82444 82434 52317
82597 82580 25516
82607 82633 7771
82796 82746 51358
82802 82889 36696
82997 82922 5966
83069 83001 46634
83188 83167 4559
83238 83245 23030
83393 83327 64459
83441 83437 31145
83561 83574 38283
83619 83685 29463
83762 83702 11696
83862 83858 79734
83930 83977 13978
84095 84016 48152
84195 84100 59039
84211 84270 23810
84358 84309 17981
84441 84418 39456
84569 84520 18787
84647 84629 28105
84739 84797 14251
84898 84822 69156
84904 84957 10599
85087 85092 71211
85120 85190 29287
85204 85282 61530
85318 85319 74822
85485 85404 55110
85552 85530 16688
85615 85637 51369
85707 85702 13742
85879 85806 27625
85936 85977 33558
86008 86051 85790
86141 86171 79680
86279 86259 75504
86367 86345 28721
86431 86430 48756
86537 86512 33021
86686 86606 4418
86756 86702 50194
86860 86880 47125
86979 86999 58758
87083 87067 46775
87171 87188 10358
87205 87240 47056
87346 87340 66925
87404 87417 12360
87566 87501 35864
87652 87637 3782
87770 87744 19182
87862 87891 83950
87952 87905 17106
88045 88056 74372
88135 88198 54659
88207 88260 7674
88358 88394 35181
88498 88415 16969
88570 88507 48458
88624 88696 39694
88790 88773 35081
88869 88829 59300
88928 88994 60070
89003 89070 53888
89194 89115 47525
89280 89262 76633
89339 89362 40926
89409 89443 13321
89562 89548 31404
89692 89686 17101
89728 89789 83995
89898 89842 1637
89942 89913 57121
90025 90075 18045
90103 90170 23723
90256 90290 15797
90317 90348 80262
90447 90491 4378
90567 90572 73287
90612 90616 14043
90716 90743 63184
90863 90830 68486
90942 90999 26301
91048 91065 89774
91105 91158 62685
91267 91286 32421
91399 91332 67478
91461 91422 77540
91577 91589 70604
91659 91650 32621
91730 91730 85004
91805 91851 87731
91914 91951 67912
92050 92084 51472
92180 92117 74598
92217 92243 5505
92358 92344 35423
92427 92449 87367
92509 92510 20278
92608 92634 5141
92769 92791 67248
92817 92817 24184
92910 92927 61409
93099 93025 4274
93180 93156 48020
93202 93232 68436
93380 93345 9716
93433 93491 14887
93573 93547 49707
93604 93600 83348
93705 93773 49025
93875 93874 55286
93999 93991 82548
94097 94013 65379
94126 94178 35635
94299 94268 4754
94397 94384 22310
94435 94466 83730
94517 94569 8335
94625 94624 28983
94747 94765 83359
94863 94847 3246
94900 94960 1814
95067 95069 14225
95134 95190 14938
95224 95242 74825
95348 95301 8319
95440 95406 18897
95567 95522 35861
95638 95605 1318
95741 95746 22636
95870 95818 63498
95955 95988 80862
96009 96072 49728
96144 96145 3437
96284 96225 74936
96315 96366 57422
96481 96461 89732
96564 96538 89012
96601 96693 81086
96780 96733 16354
96888 96845 68837
96929 96952 13253
97050 97022 96102
97152 97120 78500
97237 97285 45727
97374 97345 20183
97482 97444 78010
97558 97591 3054
97621 97699 61949
97722 97752 37239
97854 97856 42696
97906 97960 14911
98062 98061 39876
98119 98152 5573
98234 98248 21365
98390 98373 15777
98475 98401 47928
98523 98580 5211
98629 98608 54759
98721 98763 39121
98801 98810 17726
98963 98983 68791
99069 99016 88624
99177 99136 82484
99286 99229 22169
99349 99355 40247
99473 99444 93385
99518 99588 36127
99698 99618 90182
99701 99760 63066
99843 99892 3464
99918 99932 85346
