1000
68 62 71
189 134 176
203 273 187
358 394 98
474 407 114
531 555 515
639 664 383
744 772 596
848 867 821
979 969 927
1035 1043 673
1186 1145 5
1279 1270 10
1338 1358 815
1402 1449 1469
1559 1550 975
1627 1627 189
1727 1734 230
1863 1857 1848
1905 1909 1917
2021 2031 582
2117 2176 934
2207 2269 2057
2306 2321 479
2471 2468 1901
2585 2589 942
2620 2617 1953
2740 2735 505
2838 2897 1474
2938 2913 1653
3035 3020 2915
3190 3118 1640
3231 3258 2664
3388 3324 566
3416 3415 667
3507 3598 3363
3641 3639 1465
3729 3775 975
3806 3886 662
3998 3971 2662
4031 4080 2877
4163 4102 1807
4259 4273 2340
4386 4314 2565
4411 4472 4176
4572 4550 295
4604 4666 699
4767 4767 2599
4847 4830 2928
4929 4945 3008
5092 5084 4208
5126 5198 3972
5293 5249 3862
5335 5305 4106
5499 5450 2603
5595 5506 3012
5699 5622 3251
5714 5745 443
5801 5844 2528
5963 5918 1779
6071 6027 48
6178 6153 6079
6204 6250 4503
6395 6395 414
6404 6456 670
6590 6551 3357
6698 6650 2757
6757 6761 2574
6876 6851 6402
6914 6917 5094
7091 7001 4447
7121 7180 6823
7229 7245 3651
7357 7320 5509
7485 7414 1535
7599 7554 3209
7641 7600 382
7779 7741 618
7878 7847 4179
7923 7930 1326
8044 8021 6271
8167 8166 4861
8211 8206 4409
8373 8319 4553
8497 8408 6278
8541 8508 5732
8624 8619 680
8767 8737 2341
8882 8876 595
8903 8916 5494
9026 9097 5679
9117 9197 8195
9282 9260 1869
9359 9371 6102
9455 9499 4670
9508 9590 1571
9658 9661 1331
9781 9716 409
9892 9888 794
9915 9913 5594
10065 10076 2266
10166 10182 7779
10241 10229 4969
10386 10312 2678
10402 10471 7972
10510 10507 9893
10664 10628 5752
10712 10751 1357
10829 10879 8240
10978 10940 7401
11015 11097 623
11197 11134 8126
11260 11284 2490
11377 11374 881
11410 11463 5428
11541 11553 5674
11682 11622 1380
11702 11700 10608
11853 11892 1794
11974 11957 8923
12003 12083 5937
12131 12139 10005
12215 12267 5755
12378 12347 10584
12406 12489 8461
12502 12591 5819
12661 12694 7965
12757 12774 9164
12893 12833 12673
12909 12949 7497
13094 13042 4706
13102 13172 1265
13293 13246 216
13349 13392 6656
13488 13429 2774
13556 13540 6646
13612 13624 10236
13763 13777 10538
13888 13806 6136
13918 13963 9951
14084 14040 1317
14158 14111 7473
14281 14216 6320
14360 14380 1655
14400 14480 1668
14550 14536 987
14639 14698 12256
14745 14750 10358
14891 14814 6328
14914 14906 2345
15045 15015 6206
15113 15154 14979
15263 15235 902
15319 15361 6538
15413 15450 6693
15546 15589 7116
15613 15672 3278
15767 15742 5173
15806 15818 4552
15969 15907 5231
16047 16097 9231
16172 16174 6253
16292 16299 7133
16313 16362 5300
16406 16452 7843
16512 16587 9955
16659 16672 6264
16742 16708 10725
16849 16887 15526
16995 16907 7085
17053 17072 7290
17176 17175 12166
17215 17253 2962
17317 17371 4683
17467 17459 9059
17537 17500 16226
17685 17616 17476
17729 17766 1529
17893 17856 13565
17925 17968 16498
18035 18035 1442
18126 18103 16060
18245 18235 8410
18317 18338 17204
18402 18400 3688
18578 18513 18414
18601 18616 11578
18730 18709 10713
18814 18831 1874
18954 18976 17170
19088 19027 2269
19177 19161 10928
19261 19294 5430
19339 19358 18656
19443 19496 2099
19579 19595 1899
19667 19623 18793
19706 19715 3828
19879 19838 8371
19960 19992 7710
20068 20041 2958
20140 20103 1374
20212 20287 14467
20365 20301 6852
20447 20459 11338
20552 20581 7816
20644 20613 114
20777 20721 1557
20804 20819 20501
20906 20963 5956
21000 21075 813
21194 21122 18976
21277 21253 8499
21350 21350 21120
21487 21450 19161
21575 21542 20506
21676 21600 5082
21707 21717 11435
21897 21800 13976
21965 21965 19479
22087 22092 598
22101 22128 19563
22271 22268 10138
22374 22394 12387
22445 22420 2859
22568 22590 7609
22600 22658 17224
22734 22700 12382
22846 22812 4707
22906 22995 1246
23039 23098 715
23173 23177 21249
23231 23231 14899
23355 23340 12398
23443 23408 6199
23518 23578 14419
23646 23661 939
23735 23794 23556
23849 23857 11615
23965 23934 19965
24063 24042 9677
24125 24174 10775
24287 24244 11901
24353 24365 11403
24429 24471 15322
24563 24563 3388
24651 24622 3949
24773 24772 10748
24831 24851 9667
24914 24985 3529
25068 25024 2075
25198 25156 18064
25208 25227 16330
25364 25339 17479
25481 25489 19894
25544 25599 6701
25629 25629 4500
25718 25718 23552
25859 25864 8665
25987 25990 23268
26007 26067 19962
26183 26148 4019
26263 26253 15460
26356 26353 1879
26469 26433 14461
26594 26592 10798
26655 26616 24555
26712 26780 3666
26884 26870 24137
26914 26920 23383
27034 27053 24373
27153 27114 8213
27249 27281 2860
27316 27315 21724
27458 27498 10893
27548 27542 13039
27650 27697 18302
27717 27749 16128
27834 27854 5380
27941 27946 6300
28037 28022 22914
28166 28101 13562
28257 28204 17502
28340 28398 18327
28488 28472 14751
28540 28528 15552
28601 28644 6911
28703 28784 14810
28897 28855 20260
28952 28960 25158
29060 29077 18912
29139 29100 12844
29236 29241 9648
29338 29397 22858
29400 29489 21722
29593 29540 14200
29606 29633 10720
29789 29712 24686
29803 29841 20435
29921 29902 13353
30001 30085 12822
30193 30113 18699
30244 30294 11091
30352 30310 28904
30463 30474 19816
30567 30564 14804
30686 30651 208
30709 30702 15453
30852 30805 14400
30938 30999 29929
31035 31094 12101
31192 31183 4823
31262 31251 2225
31325 31305 17325
31452 31412 12498
31559 31573 12445
31662 31645 10
31772 31701 26097
31883 31855 5251
31993 31956 8122
32094 32099 31028
32169 32184 2999
32288 32211 29233
32317 32307 27784
32485 32478 13511
32557 32504 6308
32653 32669 3817
32784 32707 16651
32846 32869 10356
32911 32988 24273
33031 33098 27227
33124 33100 24414
33294 33293 1810
33324 33326 19500
33402 33479 32138
33513 33505 5089
33634 33630 22371
33760 33732 20321
33800 33831 8156
33980 33971 8642
34037 34013 27972
34139 34173 27154
34258 34258 3241
34349 34398 21063
34452 34488 8976
34549 34560 4604
34670 34658 16223
34759 34764 9938
34810 34819 30505
34938 34968 18424
35077 35059 3992
35138 35151 7128
35269 35286 18437
35343 35309 29983
35406 35484 21869
35556 35579 27680
35699 35652 20285
35784 35722 18571
35840 35806 3829
35950 35941 31530
36084 36045 14086
36179 36105 234
36216 36294 24309
36376 36369 4295
36419 36467 29570
36514 36528 29570
36655 36607 11293
36719 36769 20128
36837 36838 28111
36935 36948 12901
37064 37007 34356
37115 37143 14977
37255 37249 7054
37303 37369 33034
37421 37449 25873
37502 37592 20602
37694 37672 30229
37729 37753 30927
37883 37877 17349
37988 37937 21641
38070 38037 7899
38133 38107 973
38236 38201 13047
38304 38312 10921
38485 38478 25724
38508 38502 14130
38654 38651 5953
38731 38751 10165
38877 38823 16068
38989 38959 11014
39054 39054 22584
39117 39147 20066
39216 39282 9496
39330 39389 899
39473 39452 38823
39577 39505 33659
39631 39661 38083
39732 39743 29103
39860 39899 22733
39952 39914 2059
40073 40087 2339
40148 40153 1784
40255 40280 8135
40341 40375 23734
40489 40416 39652
40545 40502 9768
40630 40629 37640
40703 40705 40119
40827 40844 21816
40990 40974 13077
41022 41062 12344
41150 41119 40367
41244 41229 20830
41391 41389 39900
41477 41478 29687
41542 41557 34702
41632 41625 2923
41771 41725 30647
41819 41857 9549
41997 41922 13415
42043 42039 16028
42116 42133 30044
42288 42267 8576
42316 42316 2574
42407 42483 39306
42578 42519 18776
42657 42676 15958
42762 42755 38626
42864 42807 36039
42928 42950 33612
43032 43081 7805
43194 43160 40143
43213 43209 37056
43358 43302 40750
43484 43431 9538
43545 43548 18028
43673 43699 34268
43748 43740 20813
43849 43897 1299
43998 43934 1776
44026 44065 17202
44189 44130 23628
44215 44251 41718
44372 44342 36638
44463 44492 41241
44509 44557 34284
44612 44639 35249
44706 44777 31520
44840 44809 24219
44980 44942 9258
45022 45011 34408
45166 45174 39485
45264 45270 20641
45342 45346 30274
45429 45427 12091
45581 45584 841
45685 45663 702
45765 45771 42620
45832 45851 42198
45971 45924 39647
46033 46028 34452
46165 46107 34866
46270 46219 31238
46384 46330 26639
46471 46456 41986
46535 46580 4444
46651 46669 6186
46737 46789 24487
46848 46898 19130
46927 46954 6221
47021 47013 15835
47137 47173 43366
47256 47234 36056
47304 47376 33298
47475 47473 6849
47579 47565 24537
47648 47657 2962
47755 47783 21345
47821 47854 620
47961 47964 560
48017 48098 2969
48142 48193 28934
48214 48218 25119
48374 48336 19472
48404 48439 15246
48563 48535 1370
48649 48625 34418
48788 48799 36019
48851 48867 46100
48942 48952 13873
49059 49081 6829
49169 49157 30034
49226 49200 13511
49320 49343 11882
49465 49402 30558
49539 49530 38194
49602 49637 12129
49751 49745 20347
49890 49819 30457
49985 49987 47454
50059 50079 22203
50138 50132 41927
50297 50285 24056
50321 50335 13705
50490 50433 40999
50572 50558 12657
50656 50644 25216
50703 50709 22897
50868 50815 19115
50914 50901 13353
51072 51074 6608
51142 51179 34378
51225 51291 30083
51361 51356 28260
51417 51452 22610
51561 51581 46014
51697 51675 940
51768 51714 12726
51861 51843 131
51941 51975 51295
52058 52001 35056
52181 52162 28172
52259 52292 5357
52364 52323 14209
52446 52409 17556
52563 52578 43103
52667 52603 16415
52726 52795 33844
52864 52890 44787
52940 52990 6389
53019 53064 21120
53116 53106 47965
53214 53288 31312
53307 53351 40261
53443 53433 38357
53500 53526 28161
53641 53679 50382
53722 53756 27779
53868 53802 40182
53920 53944 14051
54043 54010 25438
54184 54186 31016
54236 54279 48071
54321 54304 15345
54425 54471 48907
54526 54593 38980
54620 54673 11879
54709 54775 40643
54836 54802 11291
54977 54922 4947
55030 55004 45897
55153 55145 26525
55212 55276 20546
55323 55332 51460
55407 55481 45692
55540 55573 53176
55643 55626 39076
55725 55733 16168
55893 55861 27994
55919 55911 49467
56047 56060 20204
56194 56103 50268
56234 56249 54968
56331 56325 50675
56472 56496 8709
56586 56516 41512
56629 56638 829
56758 56748 53139
56896 56866 16019
56929 56966 30325
57084 57096 53643
57128 57102 43876
57284 57284 4665
57352 57331 1217
57474 57494 21174
57567 57505 45879
57674 57677 32126
57770 57746 29173
57841 57805 36370
57997 57991 36457
58042 58075 22521
58124 58136 3854
58219 58217 48550
58337 58323 1501
58455 58437 45709
58507 58502 37189
58650 58631 23610
58767 58707 34896
58881 58826 23736
58939 58937 41624
59067 59060 26210
59118 59137 35370
59256 59244 21421
59387 59375 546
59475 59487 44925
59570 59579 26632
59654 59672 48958
59714 59726 31230
59891 59876 24082
59991 59953 42885
60016 60030 2107
60171 60109 46702
60200 60243 46469
60359 60375 390
60441 60426 36822
60585 60515 43419
60684 60685 37699
60789 60735 32467
60885 60883 43277
60909 60941 23020
61036 61075 12313
61107 61117 46750
61245 61296 22680
61335 61306 53500
61431 61448 8225
61512 61580 5359
61647 61639 11362
61762 61716 53258
61881 61845 34466
61947 61950 55597
62044 62011 46233
62196 62155 48445
62211 62225 4328
62354 62326 7127
62497 62488 5105
62595 62553 28230
62692 62666 4819
62701 62719 40612
62862 62853 870
62938 62992 42332
63010 63041 3813
63138 63119 36910
63261 63288 59569
63310 63347 46886
63453 63412 28136
63535 63553 52986
63626 63667 44267
63733 63770 49108
63852 63800 54923
63988 63966 28354
64049 64098 53979
64160 64158 14265
64207 64289 51608
64356 64384 6113
64404 64439 49692
64594 64598 10710
64679 64617 25743
64763 64771 35451
64829 64803 42688
64915 64951 59868
65066 65004 26941
65149 65115 54820
65242 65274 31175
65320 65367 12847
65428 65480 42290
65529 65523 18256
65676 65684 47443
65724 65711 18029
65859 65868 5803
65956 65996 12239
66033 66015 1340
66147 66150 41536
66212 66251 43158
66330 66373 595
66485 66468 59095
66583 66530 46137
66635 66680 64997
66701 66743 8098
66840 66888 61907
66959 66918 10575
67047 67035 32572
67134 67174 57633
67243 67204 58095
67363 67367 2152
67493 67406 17687
67560 67581 58578
67611 67679 54290
67782 67784 14860
67840 67816 47531
67969 67996 39055
68018 68022 42096
68100 68104 5194
68233 68295 9644
68338 68353 38726
68460 68476 67774
68525 68596 66130
68688 68674 38986
68770 68788 53186
68835 68804 13844
68910 68952 46378
69053 69011 62886
69171 69100 7589
69285 69217 42151
69347 69393 33912
69474 69427 25456
69538 69563 38811
69636 69631 64233
69734 69701 36578
69855 69880 35463
69966 69919 11585
70042 70020 20812
70110 70167 54544
70275 70279 54229
70363 70339 27843
70419 70481 20731
70563 70553 22673
70661 70636 56197
70712 70771 16117
70817 70869 52749
70916 70911 16544
71091 71020 49043
71122 71111 55758
71283 71241 48372
71335 71371 65884
71448 71427 43237
71504 71542 51027
71656 71642 56628
71743 71719 30431
71887 71845 22002
71983 71914 37361
72063 72031 37810
72109 72129 41189
72262 72206 51648
72352 72327 5995
72411 72459 36998
72541 72528 928
72632 72651 35912
72742 72773 15367
72801 72855 34862
72912 72912 18021
73085 73092 18990
73101 73140 5677
73204 73254 10933
73385 73300 43353
73436 73421 59586
73556 73557 55269
73683 73657 12932
73748 73767 23896
73874 73863 25422
73934 73911 5677
74074 74070 38641
74121 74146 2817
74283 74261 36623
74352 74329 72488
74474 74410 20104
74542 74527 37233
74620 74619 7724
74771 74780 24276
74870 74891 28703
74908 74972 18272
75096 75021 35016
75110 75148 12810
75252 75244 20073
75379 75324 33770
75448 75481 37806
75581 75528 17682
75658 75691 58349
75741 75768 62498
75814 75880 48758
75984 75900 3727
76039 76084 35084
76145 76179 33197
76288 76274 54799
76372 76377 46790
76493 76459 37068
76530 76527 57701
76637 76669 32876
76725 76731 52589
76830 76866 75568
76915 76999 57990
77064 77071 62435
77179 77172 59842
77268 77220 11325
77356 77313 26136
77488 77473 1106
77540 77567 32771
77680 77666 55783
77788 77714 9833
77864 77808 9620
77999 77946 37542
78065 78047 29044
78184 78151 76683
78294 78227 24304
78333 78317 53948
78490 78485 37936
78526 78549 1062
78695 78676 21077
78750 78779 11154
78856 78817 54442
78951 78947 8456
79038 79078 11396
79143 79198 31762
79272 79209 36088
79332 79349 42954
79400 79419 2354
79527 79580 21722
79604 79662 61506
79716 79771 23704
79867 79883 43507
79917 79934 22430
80097 80086 72951
80124 80147 38065
80217 80227 18837
80334 80301 71493
80487 80453 29255
80567 80548 77579
80652 80680 64006
80716 80761 6836
80806 80868 30507
80969 80945 72205
81071 81085 63586
81141 81100 3560
81259 81296 2419
81312 81383 69059
81424 81454 27151
81514 81523 63521
81686 81665 24566
81788 81774 58852
81861 81899 70657
81951 81919 81705
82051 82020 68445
82199 82161 56930
82201 82279 20869
82342 82368 4407
82461 82427 73961
82514 82592 48780
82680 82613 15188
82701 82737 71020
82896 82890 40110
82938 82933 60205
83096 83095 58131
83175 83169 43515
83241 83204 7790
83332 83398 14149
83408 83439 55609
83568 83505 24953
83601 83646 832
83748 83794 56688
83846 83822 50510
83954 83914 22473
84048 84064 43632
84146 84115 9204
84245 84294 74733
84385 84357 34825
84418 84482 80725
84523 84589 78569
84692 84648 66144
84723 84756 28912
84877 84844 52588
84944 84900 75273
85011 85068 9323
85163 85155 71499
85269 85277 80128
85343 85390 7576
85459 85473 48839
85504 85506 12569
85677 85628 22793
85726 85791 11162
85822 85811 59814
85964 85911 25808
86049 86044 12828
86147 86184 78279
86261 86235 84336
86346 86314 58954
86485 86468 63518
86594 86538 45459
86601 86605 63809
86705 86709 63781
86880 86873 69390
86904 86921 10958
87096 87014 69062
87107 87160 73518
87273 87298 40884
87310 87309 9061
87463 87456 36421
87582 87597 13794
87606 87635 14078
87719 87790 20295
87848 87810 16977
87941 87931 11950
88007 88044 55848
88138 88192 28163
88257 88238 56687
88367 88329 10518
88470 88458 80993
88514 88504 30344
88621 88666 83080
88755 88780 17766
88807 88835 20708
88914 88936 63141
89031 89091 4568
89117 89117 54806
89228 89248 13675
89337 89382 47405
89452 89412 19820
89553 89584 59037
89676 89692 34650
89787 89784 15598
89863 89800 56049
89962 89910 63489
90040 90085 6435
90144 90140 5116
90205 90229 17417
90378 90345 54406
90461 90465 16378
90566 90508 46167
90687 90671 7570
90712 90756 75032
90879 90837 15230
90928 90964 65883
91073 91043 64425
91107 91105 70198
91264 91299 14345
91330 91330 77822
91492 91410 4780
91520 91586 666
91655 91619 2873
91766 91775 26774
91885 91804 42050
91901 91979 27981
92091 92024 52334
92138 92191 33178
92241 92212 74935
92333 92378 71166
92471 92406 38059
92522 92546 20237
92620 92607 25779
92784 92768 78218
92832 92855 67288
92951 92962 62
93035 93025 15606
93188 93131 62486
93236 93232 60252
93308 93306 88222
93486 93453 58467
93580 93505 88704
93625 93650 14112
93798 93758 82692
93856 93867 34199
93920 93975 17640
94006 94025 77855
94167 94188 11531
94218 94215 88684
94305 94373 88913
94489 94477 74796
94530 94506 55414
94624 94614 80580
94745 94704 24660
94870 94820 64660
94991 94944 4830
95057 95021 24777
95186 95159 88116
95268 95274 36750
95366 95314 50632
95494 95442 94499
95543 95506 70436
95605 95638 34709
95716 95793 84591
95837 95836 21944
95942 95997 70624
96023 96005 65798
96126 96111 29540
96263 96266 13959
96360 96327 82752
96443 96429 73825
96506 96555 61572
96618 96688 73000
96708 96763 49887
96801 96844 6357
96936 96909 62584
97024 97035 26870
97174 97167 6388
97265 97241 84847
97345 97381 84233
97478 97420 57419
97557 97510 45589
97668 97651 29537
97725 97778 51493
97836 97801 13159
97963 97960 59631
98088 98038 17252
98197 98129 56998
98226 98238 76899
98366 98315 84420
98444 98413 37096
98542 98576 80489
98643 98641 24568
98755 98708 17725
98848 98814 24628
98964 98968 1416
99024 99093 53216
99122 99163 7187
99290 99208 89906
99346 99366 69034
99421 99493 5993
99545 99575 5740
99635 99688 12032
99719 99783 70648
99853 99852 94806
99932 99957 8762
