1000
38 45 67
178 140 18
260 209 161
348 330 204
408 483 62
573 557 359
607 675 317
706 789 296
858 875 879
942 928 979
1064 1043 1028
1132 1134 1133
1253 1279 1101
1360 1333 872
1400 1442 1485
1529 1540 831
1610 1640 1251
1741 1732 1786
1816 1869 226
1990 1969 1405
2099 2077 823
2121 2176 1727
2265 2231 968
2336 2304 792
2440 2403 74
2560 2595 2493
2640 2615 1564
2790 2794 708
2857 2807 500
2916 2995 1468
3018 3040 398
3123 3136 1554
3243 3223 3225
3317 3355 2186
3480 3466 2691
3524 3540 249
3607 3693 443
3764 3799 2538
3885 3841 1348
3942 3983 2263
4089 4003 3785
4166 4187 3395
4218 4289 3412
4376 4305 1962
4480 4471 2596
4573 4573 1743
4654 4655 2808
4768 4703 3369
4803 4825 3979
4949 4929 1748
5080 5079 3588
5104 5156 5184
5210 5215 350
5342 5338 369
5492 5419 1245
5508 5542 4786
5664 5603 2831
5704 5702 5391
5869 5897 5418
5945 5959 1181
6058 6063 5095
6119 6183 2026
6218 6284 2661
6306 6381 4872
6473 6448 5488
6555 6512 5463
6643 6645 4750
6710 6773 4357
6807 6889 4912
6912 6962 24
7034 7069 2159
7124 7102 50
7239 7231 2241
7385 7343 4936
7470 7436 1091
7515 7547 977
7679 7699 1915
7786 7786 7293
7893 7857 892
7995 7911 3921
8064 8004 4189
8122 8190 477
8280 8268 4166
8334 8306 307
8409 8497 3812
8550 8530 6145
8694 8624 5793
8746 8727 6119
8835 8828 719
8912 8924 370
9031 9011 5842
9129 9117 2097
9267 9257 1095
9323 9389 1157
9462 9448 5486
9505 9518 6908
9674 9647 2290
9785 9779 9464
9877 9890 9300
9963 9978 2573
10036 10062 5158
10130 10162 4719
10226 10288 8240
10348 10332 5540
10413 10473 625
10587 10566 6084
10626 10654 9112
10746 10777 8092
10811 10849 6053
10982 10996 4950
11082 11076 9682
11158 11126 2568
11272 11279 3841
11338 11382 2591
11410 11426 7879
11569 11564 6454
11626 11650 7396
11797 11791 6205
11861 11802 2190
11970 11930 6511
12035 12024 3765
12197 12168 2633
12295 12277 6198
12323 12379 971
12494 12480 4681
12571 12504 8405
12675 12686 9334
12700 12730 9910
12826 12854 9073
12930 12915 6397
13084 13047 11274
13188 13156 4999
13221 13294 12621
13304 13323 12206
13430 13458 5965
13582 13552 7905
13645 13604 3
13715 13786 12555
13802 13883 12253
13997 13982 4173
14093 14007 4427
14195 14117 2929
14205 14221 9835
14322 14315 5057
14416 14456 3341
14551 14527 934
14621 14624 8929
14726 14751 9816
14865 14895 9566
14974 14985 10217
15003 15014 8421
15189 15138 5057
15278 15214 3497
15302 15360 2792
15426 15485 3638
15525 15532 4518
15606 15660 11718
15771 15788 15482
15801 15880 10374
15961 15956 1076
16090 16023 11034
16149 16141 5376
16257 16236 2074
16305 16316 12019
16422 16437 7971
16585 16526 15158
16610 16640 8659
16758 16769 6686
16809 16852 12319
16924 16902 11835
17069 17048 16297
17150 17145 4484
17206 17274 4891
17366 17314 15130
17450 17477 3164
17590 17599 13231
17641 17696 6856
17706 17706 16465
17859 17808 2225
17954 17926 14230
18029 18028 1776
18150 18183 11695
18211 18267 8839
18389 18328 12763
18423 18418 4131
18504 18566 11377
18679 18661 7647
18790 18731 3452
18873 18883 5087
18958 18987 13184
19029 19019 979
19163 19147 11949
19229 19266 8993
19338 19329 5760
19498 19405 19003
19513 19561 5172
19690 19623 6165
19734 19778 779
19876 19860 7071
19974 19972 9574
20009 20037 4675
20137 20120 14517
20262 20223 4096
20341 20328 3302
20427 20457 19338
20526 20594 8823
20683 20660 9347
20790 20749 14564
20837 20862 9631
20950 20914 3569
21027 21088 3906
21179 21188 16064
21268 21246 2840
21326 21343 639
21432 21431 322
21526 21573 19554
21644 21636 7848
21782 21718 431
21848 21898 5949
21930 21950 7244
22025 22053 6468
22151 22142 1152
22261 22235 18789
22309 22327 6194
22432 22417 14505
22502 22599 17045
22623 22665 5012
22769 22782 18697
22879 22883 7535
22970 22901 706
23042 23056 12554
23175 23176 14203
23266 23236 15660
23318 23380 20750
23477 23440 11122
23522 23510 21965
23681 23610 14262
23705 23703 20593
23878 23859 9401
23919 23931 6803
24051 24082 16185
24193 24192 13982
24202 24239 7404
24363 24304 17425
24484 24489 17237
24530 24527 23756
24676 24601 15644
24767 24766 13788
24875 24813 4009
24972 24960 77
25051 25015 8546
25140 25173 2126
25243 25292 11893
25301 25320 23131
25473 25441 271
25538 25549 3808
25653 25688 6877
25737 25716 12216
25834 25896 2742
25905 25972 18501
26058 26039 1091
26192 26195 24942
26277 26289 25626
26309 26364 13925
26494 26411 21283
26503 26530 11239
26675 26600 3247
26741 26750 4874
26890 26879 14112
26985 26994 6338
27038 27026 14205
27101 27156 9965
27296 27283 19320
27382 27359 9903
27406 27402 6134
27534 27512 23793
27651 27613 27445
27773 27783 6276
27848 27888 14352
27931 27904 24788
28083 28054 10730
28172 28102 23968
28292 28294 12449
28325 28367 1143
28454 28433 22505
28590 28596 27409
28662 28685 3356
28703 28758 22958
28803 28863 9966
28967 28907 14199
29028 29012 26153
29124 29121 23033
29278 29263 11614
29356 29336 28409
29484 29432 12174
29501 29598 17530
29619 29646 26121
29717 29727 25089
29855 29843 3583
29922 29904 8999
30037 30084 5397
30196 30148 2831
30224 30287 1178
30335 30371 11167
30433 30460 5256
30571 30594 23800
30648 30620 17283
30731 30796 14769
30811 30818 5632
30921 30971 11077
31056 31029 12915
31164 31111 22897
31258 31278 13817
31341 31367 3709
31430 31493 12679
31534 31530 1119
31620 31640 16104
31791 31782 7743
31803 31894 15484
31963 31975 29658
32063 32074 31876
32155 32105 3670
32216 32226 10326
32359 32300 9937
32451 32495 20821
32538 32541 15986
32641 32643 28687
32717 32761 27266
32826 32887 10517
32926 32920 26422
33026 33084 22182
33132 33163 29645
33226 33289 17973
33370 33386 25051
33426 33445 835
33553 33527 6733
33694 33690 692
33752 33712 21823
33817 33899 23944
33997 33997 30517
34058 34024 3018
34167 34145 18943
34278 34227 6143
34341 34329 27709
34466 34473 10966
34508 34572 4731
34679 34600 28828
34705 34755 27292
34837 34873 21584
34919 34918 776
35020 35079 28736
35129 35181 15679
35240 35214 16500
35311 35342 16646
35445 35425 8087
35553 35521 15956
35683 35606 23815
35765 35797 33578
35816 35870 33151
35979 35976 8238
36052 36070 23582
36199 36183 10424
36252 36211 23500
36371 36397 29050
36472 36438 2865
36576 36571 6213
36697 36646 14340
36759 36704 3579
36872 36857 11408
36924 36991 34928
37018 37067 13975
37113 37102 26335
37243 37280 7087
37311 37359 223
37474 37408 10494
37531 37513 11698
37611 37673 9604
37744 37782 329
37843 37846 7314
37971 37928 2380
38034 38053 7771
38135 38153 10940
38256 38212 29858
38329 38369 12017
38424 38478 6064
38522 38590 13963
38682 38683 288
38789 38702 11301
38848 38809 32611
38999 38992 4989
39019 39052 31645
39191 39141 22539
39265 39207 12401
39385 39312 17235
39470 39424 12169
39563 39502 7262
39696 39697 17023
39718 39709 37394
39881 39853 33859
39974 39930 21890
40068 40086 4822
40111 40138 26904
40222 40298 9897
40346 40396 18795
40403 40403 22305
40566 40563 39219
40633 40616 9891
40700 40779 11614
40817 40845 26607
40919 40999 31739
41083 41024 17415
41115 41168 35974
41258 41226 26932
41395 41331 11494
41450 41410 3173
41554 41523 19798
41639 41635 6536
41742 41715 31875
41817 41882 23109
41911 41945 15383
42062 42065 41299
42101 42160 24502
42222 42220 11227
42349 42319 32808
42477 42471 21114
42560 42511 3728
42687 42614 16896
42740 42760 41021
42897 42865 25036
42979 42950 42607
43090 43006 38595
43147 43145 30613
43268 43280 29349
43352 43329 15971
43416 43430 24742
43588 43503 22649
43682 43616 33239
43779 43770 13020
43892 43831 42056
43902 43946 13615
44067 44074 42979
44183 44185 41219
44265 44273 19470
44396 44374 5933
44405 44402 1032
44574 44575 22009
44612 44628 36291
44745 44739 14410
44895 44867 2873
44930 44950 2422
45026 45077 4559
45100 45154 5609
45200 45243 9523
45357 45345 26598
45434 45470 39274
45525 45528 19818
45632 45682 41621
45720 45717 17907
45862 45836 18171
45975 45906 15818
46079 46089 46012
46198 46142 9804
46259 46235 38758
46317 46378 11032
46450 46460 13215
46558 46525 15457
46686 46655 3585
46730 46759 30187
46848 46869 23062
46943 46980 42600
47015 47011 46559
47128 47131 13458
47282 47217 7884
47377 47375 11858
47467 47419 37766
47562 47599 23298
47668 47686 24602
47720 47769 27612
47875 47865 22054
47926 47922 8394
48021 48051 1053
48161 48175 27517
48234 48257 36640
48349 48313 9960
48467 48467 2087
48550 48559 40766
48602 48680 33962
48753 48779 18647
48841 48851 17414
48992 48923 25722
49085 49053 22952
49151 49175 47872
49261 49289 7188
49340 49317 23587
49426 49430 42479
49504 49532 47368
49688 49619 31300
49762 49770 43510
49828 49828 2405
49984 49945 17981
50064 50073 16795
50111 50195 17175
50263 50256 49981
50350 50380 46052
50451 50471 8299
50544 50564 9673
50615 50667 20569
50722 50749 22449
50849 50878 12614
50991 50902 10350
51055 51066 23085
51136 51106 42610
51251 51235 5900
51386 51399 18157
51474 51449 18738
51500 51583 50054
51610 51689 45381
51719 51765 29928
51808 51891 22704
51999 51959 19159
52062 52074 38398
52133 52165 43670
52264 52261 42909
52366 52302 32160
52495 52456 22589
52570 52528 4593
52648 52615 49554
52761 52791 13719
52881 52850 11811
52968 52928 20746
53082 53086 34632
53114 53124 51698
53286 53283 48190
53395 53363 541
53498 53419 29507
53586 53585 46424
53630 53679 51126
53753 53736 42210
53809 53851 8362
53961 53963 44394
54075 54074 2961
54138 54146 9068
54278 54208 28615
54311 54341 18150
54417 54484 6194
54509 54533 17776
54628 54687 20115
54756 54707 2991
54822 54862 28291
54939 54999 37937
55041 55083 22761
55171 55128 16037
55255 55217 47550
55371 55366 47751
55499 55416 52463
55593 55584 34805
55604 55620 42041
55719 55761 34724
55874 55816 54640
55979 55922 38462
56036 56033 31000
56143 56133 13160
56286 56201 30545
56380 56300 22391
56491 56464 29504
56527 56568 42233
56650 56606 34820
56770 56798 45652
56844 56800 39714
56919 56985 52571
57010 57000 33195
57110 57145 2115
57299 57293 53688
57329 57318 10514
57409 57453 26084
57584 57501 55232
57649 57616 42608
57706 57788 42884
57896 57814 53087
57925 57991 28132
58033 58025 22461
58157 58181 21520
58246 58276 8778
58314 58345 2424
58436 58463 4992
58549 58535 30360
58695 58631 54384
58780 58796 14159
58857 58886 6238
58920 58922 41184
59018 59071 11150
59154 59188 55139
59220 59291 22473
59316 59309 22153
59403 59426 56397
59557 59576 50098
59643 59635 10079
59751 59798 2947
59843 59802 32619
59936 59907 45157
60027 60021 15767
60136 60113 8777
60289 60207 11688
60363 60303 43197
60498 60409 56844
60593 60572 11053
60684 60650 9484
60745 60707 8616
60886 60872 21832
60966 60932 58387
61068 61011 46255
61162 61161 54581
61209 61282 22392
61388 61301 1173
61409 61406 44795
61581 61527 53161
61615 61699 60494
61797 61782 6900
61868 61842 20155
61937 61916 17432
62081 62082 57538
62163 62186 61369
62225 62270 5557
62365 62350 55650
62477 62415 61353
62581 62591 13033
62603 62621 1384
62743 62763 25349
62812 62867 38204
62900 62900 52276
63074 63021 24429
63131 63175 51484
63269 63276 30235
63344 63350 31837
63409 63422 41171
63515 63564 25143
63681 63680 3133
63737 63718 43396
63866 63843 35256
63929 63941 29081
64002 64078 53460
64111 64129 52045
64236 64260 29291
64387 64354 6262
64424 64448 32167
64594 64592 13984
64620 64650 35622
64709 64797 52563
64847 64881 58742
64914 64903 40489
65052 65028 188
65150 65127 38934
65291 65230 27129
65341 65346 50283
65440 65448 48435
65519 65539 21684
65651 65627 4168
65716 65771 51688
65853 65841 64159
65960 65987 54676
66034 66039 24620
66135 66166 38739
66245 66248 36771
66311 66397 34534
66409 66498 39554
66503 66567 20739
66621 66639 39093
66759 66777 47108
66828 66859 65362
66977 66913 23598
67047 67089 48907
67174 67144 56599
67251 67299 31955
67317 67305 62774
67432 67429 5597
67578 67576 50985
67647 67685 27565
67775 67776 66516
67865 67839 28061
67996 67913 11867
68048 68045 13105
68110 68141 57628
68288 68297 18844
68308 68343 44175
68403 68425 61241
68555 68507 35280
68663 68655 66737
68718 68791 31024
68803 68868 18618
68942 68910 44147
69040 69052 31285
69164 69116 31207
69277 69298 24182
69372 69339 50404
69429 69410 19916
69570 69541 4188
69641 69691 35908
69744 69770 66495
69811 69883 6503
69976 69915 32286
70009 70051 11401
70194 70103 31906
70282 70220 56317
70332 70302 40133
70432 70466 44168
70551 70515 1222
70617 70651 4761
70743 70715 18608
70864 70888 44649
70981 70926 22021
71025 71004 29551
71183 71147 50019
71291 71260 48306
71376 71331 53790
71476 71466 31650
71570 71558 48646
71665 71643 23312
71748 71750 49383
71810 71873 60902
71984 71995 31915
72090 72008 3227
72183 72185 72082
72284 72247 9448
72353 72372 63680
72405 72495 58860
72525 72580 9245
72696 72619 31548
72730 72749 62752
72843 72873 37207
72959 72981 52923
73086 73080 1124
73151 73166 4904
73262 73284 44850
73344 73374 44120
73473 73423 7895
73574 73571 62436
73682 73602 904
73783 73731 49933
73820 73863 1389
73961 73986 25486
74053 74045 54607
74183 74121 20122
74212 74268 11582
74337 74384 66928
74425 74413 46016
74501 74535 14998
74644 74694 63882
74753 74773 50927
74833 74800 67200
74968 74931 50279
75075 75018 59317
75119 75136 55840
75252 75227 34596
75326 75362 5994
75472 75482 68867
75563 75558 1536
75690 75605 75164
75733 75754 23205
75825 75887 48767
75956 75972 7116
76064 76009 4240
76164 76118 28611
76223 76294 18696
76315 76393 64984
76466 76418 17763
76531 76516 54369
76604 76600 21707
76757 76733 13793
76828 76883 55354
76962 76956 48986
77010 77045 50066
77150 77131 74932
77274 77271 37797
77360 77314 62957
77418 77472 42740
77511 77528 76693
77638 77611 61039
77776 77755 66662
77887 77851 53598
77904 77915 57621
78009 78020 50244
78110 78153 28199
78273 78280 43422
78373 78398 74589
78498 78430 21365
78589 78579 41440
78676 78630 66145
78795 78742 7213
78892 78862 29728
78901 78971 48674
79060 79073 28789
79188 79122 6593
79268 79208 71555
79323 79339 4122
79409 79464 22309
79586 79540 9616
79640 79619 50823
79790 79711 62836
79811 79892 13867
79913 79916 53401
80017 80033 419
80168 80127 11963
80256 80219 79673
80320 80341 42396
80484 80438 16863
80567 80593 48034
80601 80604 2190
80785 80736 69405
80887 80881 45865
80983 80903 2336
81084 81077 13153
81138 81137 8982
81208 81299 75707
81365 81300 66259
81487 81416 13722
81524 81520 33187
81622 81650 11630
81743 81714 21430
81887 81801 34159
81903 81936 54266
82024 82068 74293
82153 82158 12852
82234 82239 16269
82391 82391 41947
82420 82454 5390
82592 82563 80117
82627 82668 14712
82746 82760 23713
82845 82836 13022
82937 82957 29501
83066 83061 57654
83125 83125 21835
83251 83239 28116
83326 83392 74805
83448 83403 47641
83565 83553 68567
83699 83640 74990
83716 83798 17894
83824 83877 40471
83936 83945 60615
84070 84093 60770
84152 84141 143
84252 84233 39255
84364 84376 2110
84449 84499 57294
84567 84582 32367
84667 84652 30846
84797 84747 60989
84846 84879 81442
84935 84943 21979
85091 85068 77410
85154 85174 66618
85220 85269 36266
85319 85364 55262
85425 85474 13715
85545 85548 70324
85659 85654 55478
85793 85761 72483
85829 85863 29911
85944 85938 66134
86020 86032 17817
86125 86145 10722
86212 86222 9491
86346 86350 76957
86404 86447 34814
86520 86574 25428
86697 86679 43340
86774 86725 82532
86862 86800 12596
86919 86993 75124
87075 87081 13123
87117 87109 76852
87292 87223 83464
87307 87325 63203
87417 87405 60342
87585 87599 68537
87625 87603 31648
87798 87735 49373
87846 87807 23065
87997 87955 77470
88083 88098 35272
88190 88128 49078
88293 88289 48543
88323 88323 77750
88434 88440 44334
88531 88508 86911
88603 88623 63040
88784 88774 29745
88847 88810 76839
88903 88958 62158
89075 89008 83396
89149 89179 34365
89231 89277 10625
89344 89303 60366
89439 89458 668
89520 89573 82872
89645 89611 65682
89746 89749 44262
89801 89852 78405
89967 89992 1662
90060 90013 62995
90145 90106 22600
90269 90209 7586
90358 90332 56032
90429 90425 76150
90577 90546 86022
90606 90607 21968
90789 90744 77986
90894 90838 21937
90940 90977 54908
91017 91073 58517
91123 91122 23829
91277 91264 49533
91362 91389 40337
91410 91472 17320
91516 91576 84777
91633 91665 6371
91721 91770 78224
91813 91822 10954
91980 91950 80446
92041 92014 16026
92117 92167 47801
92241 92293 63240
92357 92338 49601
92482 92499 53102
92578 92581 60938
92662 92647 33529
92744 92738 36171
92880 92817 2716
92904 92917 44021
93062 93079 69213
93159 93185 17837
93277 93273 91573
93390 93391 79091
93442 93419 73727
93542 93529 21526
93692 93644 93436
93798 93773 44899
93833 93899 90425
93910 93904 16361
94041 94012 47994
94140 94151 69497
94222 94284 37931
94351 94371 80803
94477 94495 67882
94500 94501 15710
94667 94618 22840
94799 94764 85234
94838 94810 54426
94999 94922 16974
95067 95032 85840
95189 95133 2082
95206 95232 89526
95346 95354 6972
95483 95468 90364
95510 95587 92135
95652 95689 93530
95704 95743 3773
95824 95887 83263
95908 95988 15369
96005 96063 70805
96120 96133 32613
96286 96274 23395
96324 96358 11233
96413 96480 85243
96503 96513 26352
96664 96632 21814
96727 96775 86568
96818 96811 73478
96905 96950 11257
97070 97010 50552
97102 97155 25804
97260 97277 22219
97303 97357 81235
97426 97446 29198
97591 97549 46172
97622 97659 60475
97787 97729 8616
97818 97890 87985
97947 97943 47129
98094 98062 40685
98187 98101 70627
98219 98270 82116
98311 98336 55424
98484 98455 38239
98551 98529 3219
98680 98676 7135
98732 98787 43149
98841 98888 32510
98993 98921 1141
99059 99083 93941
99176 99135 95062
99223 99295 24593
99396 99309 79960
99423 99497 64099
99514 99571 56504
99641 99679 94082
99718 99716 34434
99871 99813 40474
99962 99923 20753
