300
69765 9929 6023
96983 66678 65316
67065 17092 21039
35816 12893 75070
31544 60785 36372
32506 57021 3843
43861 63429 98839
95897 10205 65281
20889 63507 16132
99532 65312 58186
25330 41438 46632
47471 24443 62352
15898 33802 11038
67477 65634 31721
13819 77836 19659
94959 36874 66254
82101 1358 9711
62286 83796 67368
9610 97197 97648
87821 46866 50964
97678 5572 60486
45117 73928 1999
3919 44172 28282
97961 12020 35946
29615 48091 11873
68868 31799 88049
41427 91825 6415
21683 69249 56520
56662 86512 26540
50898 52326 91674
9395 92118 57596
8312 92932 27773
31858 936 66743
84236 13180 64719
71634 84140 28942
26474 18320 39783
58653 55284 2011
16495 82896 36982
470 14645 67783
56963 27002 70375
73521 28849 96221
43330 24876 75612
57617 39611 59206
89606 57227 63894
22309 89157 95277
68007 44714 44921
84643 97859 69950
11621 29745 76704
81382 41183 39652
67545 88112 24981
58129 31323 88175
96544 69255 58848
72527 65968 50134
53322 95610 23054
64401 39488 42387
61882 60641 47488
1920 47014 30158
71609 66019 28800
29009 38347 61803
74919 42878 87847
13548 10287 29829
9238 56998 35406
59089 55183 57434
3363 65322 96898
65212 32101 43143
22127 89657 14127
36757 9727 43588
98406 89194 26035
80621 53704 70390
44794 10023 9958
91950 35232 71426
46926 99887 84116
14946 90467 86814
3756 16250 50833
61557 16686 12383
77907 84803 86495
80734 41141 56911
13998 40719 3323
6917 98260 69744
37330 45355 42009
72207 5059 86640
36551 97554 1663
85582 23075 1172
76493 35999 94414
73001 75002 17164
33941 52105 48956
5434 33900 20000
17950 1853 17099
79372 46346 22393
87459 34536 94414
92810 60827 70443
59667 3184 78366
16470 50004 62149
5038 57724 69911
23790 99242 93423
26727 61398 67911
53565 86430 58992
75086 73014 96451
31195 55426 39823
21240 20985 22245
18620 21876 94439
56959 73957 45212
49047 97026 22742
68056 25437 8530
5804 5642 43443
48785 31181 88102
69636 97642 37776
61767 17961 54251
2468 85463 6726
74385 67941 47861
45371 67710 53659
60706 89669 71471
99036 46951 21691
45603 66309 90644
26333 13723 2066
22923 75840 88160
32003 90444 38347
64580 58833 32469
83107 51972 62900
6 87267 31187
27355 42546 79806
88536 18564 67990
95281 45614 68750
48342 21552 78876
94739 22945 73087
88032 25395 31370
21332 95747 51821
47176 2567 71160
20748 15370 42470
73046 37418 64628
46359 21489 27764
18647 58680 80760
86387 74710 11754
67486 51739 27690
13208 17492 71688
70449 39607 46316
56544 84045 18329
20487 14486 16497
48807 12484 35562
72210 94045 3046
76534 74701 74868
9260 90374 21746
8343 74927 55221
73171 58449 4562
96196 20917 29216
28692 24084 67728
10030 6304 1643
55566 92955 925
66993 83306 78517
98435 28174 70351
58642 18164 6396
51241 48564 58046
97752 78756 87652
60649 33817 21841
96159 45518 23171
87889 94934 49228
94140 71558 79922
48617 63046 70856
87431 49815 29303
84457 84896 19435
61789 77334 1324
97428 34724 86233
14815 78044 98185
98505 47838 75359
49740 405 63949
26949 36860 41050
13691 42824 82214
29785 18986 40114
51133 12066 22433
98072 9785 40613
86221 56922 97294
34362 96085 78889
90657 41138 77406
35928 33316 39951
8111 30184 40725
77524 23224 92623
13249 32532 5343
95289 72561 1395
1143 53348 77060
30459 14695 88288
7953 25063 8961
67743 67206 81044
24538 43216 42055
75215 55738 82962
86057 37904 72706
9656 27034 25615
13149 59195 5538
47649 30161 48795
26213 45853 45615
52461 68330 44203
69564 85265 28353
43345 37994 82689
18116 50936 78856
8638 5685 66006
69701 20660 77871
84729 77742 68137
25943 17838 37382
6987 58761 969
27283 89207 37086
13347 19706 77921
45987 92518 4462
71519 79981 49083
7696 46951 51885
88273 30682 48842
57756 41458 95945
17412 64559 47530
3537 78367 43041
55644 51003 15987
53619 14384 68141
64948 27761 53924
12887 32569 39269
14702 95643 15988
18714 12942 90400
57894 54382 9227
45692 91056 88206
8298 45862 80040
72418 87715 39904
9347 90406 42632
69004 47323 69964
58021 32773 71626
75680 2707 63608
73141 24003 76698
16055 977 79641
30830 95919 23287
45815 50344 59100
95374 85774 55783
45724 9748 95189
62169 57577 86304
82078 15764 90886
99245 81554 8501
15942 9446 62891
63362 39845 94932
6272 93677 42404
44739 25869 72771
84906 74225 3331
30700 95900 11978
35538 44389 35672
39179 1633 53186
18524 84538 40127
53629 92931 68029
9962 60919 94532
9848 86951 9203
45417 5597 32671
8654 23275 23718
61448 83953 3308
52238 1561 51309
42881 64985 6808
54460 25195 3247
22117 58017 25320
77111 13106 37624
1204 49104 11549
98166 61849 24466
97428 37433 99037
4567 40907 31008
16296 83154 63878
80704 49032 64004
98943 36811 6531
31276 78325 80185
28841 7045 24143
68359 66252 38074
24607 63395 66587
92690 51732 85396
42410 49769 55470
42785 28706 82258
70659 73824 41487
44716 36056 96892
82867 36317 92499
39754 4601 73870
23264 44910 34853
93730 81498 25724
98551 38177 96899
69716 90497 89709
29657 12107 99203
24155 24943 22827
10591 48952 95097
89154 23343 35812
68978 38525 5836
91675 73073 11382
88174 63114 27245
13282 37907 37426
37431 32441 74880
68013 23782 79555
17186 50395 44930
29625 30448 88598
83921 35188 23775
73841 50240 55537
94260 20153 63401
54853 86731 51966
94023 34879 75078
2463 69959 14884
96799 13186 99442
70793 45183 70909
7088 61176 29280
67192 15236 44753
41750 69609 13130
37834 60413 10004
38282 96028 89540
7244 96781 1931
54690 97959 27483
14849 59224 25871
