1000
71 79 57
102 103 160
297 212 75
311 394 54
486 404 195
539 567 200
652 642 279
769 713 132
811 814 662
985 908 820
1059 1074 550
1196 1122 1072
1267 1264 1014
1318 1356 792
1431 1450 534
1508 1568 1472
1632 1654 1136
1795 1733 1727
1878 1875 59
1953 1922 977
2011 2032 1762
2190 2136 882
2258 2216 1546
2372 2300 1529
2453 2407 1697
2553 2571 2502
2679 2607 531
2710 2735 2648
2826 2890 2256
2983 2973 250
3011 3030 2293
3124 3192 893
3288 3210 112
3360 3392 1330
3489 3478 3376
3576 3555 3156
3618 3606 448
3759 3749 1196
3854 3886 439
3957 3901 3392
4017 4005 1759
4194 4140 1961
4213 4275 1219
4315 4362 1657
4431 4497 276
4545 4547 654
4638 4658 3655
4748 4700 3085
4839 4874 4710
4922 4926 1853
5073 5017 5086
5188 5197 241
5262 5228 3937
5363 5398 4299
5495 5443 2925
5574 5523 4585
5664 5640 4994
5735 5785 3582
5874 5873 257
5994 5943 4595
6016 6052 2550
6143 6136 6187
6282 6280 3367
6325 6390 1786
6417 6408 5749
6560 6537 5794
6688 6653 3228
6773 6783 5609
6838 6833 1363
6955 6975 67
7079 7005 1726
7152 7145 2300
7234 7271 4233
7393 7378 6546
7431 7481 2836
7509 7578 725
7601 7651 4927
7741 7770 6345
7815 7855 3324
7979 7978 4026
8032 8001 387
8191 8111 5264
8227 8241 7049
8351 8302 7312
8419 8493 3415
8558 8528 4061
8646 8690 8697
8720 8752 7685
8823 8825 8224
8912 8931 3432
9073 9061 6099
9184 9159 6609
9268 9243 67
9347 9352 7877
9420 9446 2883
9550 9513 5990
9620 9695 3098
9768 9718 9112
9860 9859 1141
9981 9953 1819
10048 10007 6423
10116 10132 4369
10280 10216 387
10320 10391 570
10489 10431 4422
10504 10543 9824
10621 10686 7358
10750 10784 7018
10819 10887 10585
10958 10902 2857
11030 11093 7571
11118 11194 9348
11233 11255 10462
11390 11383 3280
11491 11489 2367
11510 11575 9234
11606 11669 4760
11774 11759 2866
11809 11865 11214
11988 11902 1266
12005 12008 1674
12185 12174 9687
12239 12240 6810
12301 12359 5052
12469 12410 10287
12587 12522 11290
12659 12682 6055
12732 12731 7002
12861 12827 6272
12923 12958 1753
13046 13091 6646
13160 13112 1700
13284 13213 811
13313 13359 12224
13439 13429 2679
13528 13544 4506
13643 13656 7727
13798 13722 3178
13870 13822 11695
13992 13969 3646
14085 14049 7034
14149 14100 13697
14259 14205 14106
14317 14331 4630
14499 14409 2294
14513 14505 10140
14633 14699 5521
14758 14741 3055
14853 14843 5393
14939 14983 9657
15024 15012 8929
15101 15166 12817
15237 15212 3154
15305 15380 7178
15435 15448 3998
15580 15576 9162
15642 15615 12048
15773 15773 12187
15801 15879 11554
15964 15920 10538
16064 16047 5149
16136 16152 14948
16254 16210 13753
16367 16343 6125
16400 16407 12248
16563 16558 1426
16678 16686 6335
16716 16785 1066
16896 16867 2448
16956 16994 11513
17045 17041 13014
17117 17101 15638
17275 17299 5385
17396 17371 11921
17415 17450 14084
17556 17522 865
17647 17625 633
17783 17768 17449
17809 17867 12523
17910 17941 6341
18045 18074 3509
18155 18167 15041
18207 18277 17515
18382 18358 623
18416 18487 11722
18566 18548 11267
18674 18648 11467
18745 18705 17726
18888 18809 18142
18988 18971 13442
19000 19029 7386
19196 19171 17199
19293 19200 13411
19395 19335 5519
19428 19421 954
19544 19564 6796
19637 19672 12668
19748 19795 16601
19834 19834 6894
19977 19914 9418
20006 20036 6785
20118 20185 14224
20291 20279 7813
20350 20381 1886
20497 20460 16651
20567 20598 8701
20602 20664 1809
20791 20767 4060
20845 20837 9782
20908 20950 17650
21098 21081 10570
21155 21195 17907
21205 21292 18949
21309 21336 10144
21477 21425 7435
21558 21559 10235
21609 21640 2576
21759 21714 17014
21866 21891 13458
21978 21911 7195
22058 22030 8249
22125 22160 13360
22273 22281 18710
22356 22330 15531
22448 22490 9108
22515 22598 22073
22656 22683 2030
22724 22777 2262
22869 22899 5926
22933 22921 4188
23074 23017 21081
23142 23166 2128
23280 23229 15628
23375 23394 5780
23417 23487 6412
23533 23522 18101
23698 23696 20876
23791 23773 2000
23841 23810 7291
23959 23964 5176
24096 24088 18577
24138 24138 18858
24261 24227 904
24398 24376 1526
24414 24409 6984
24539 24561 1961
24641 24610 17735
24777 24723 12950
24809 24838 11354
24966 24922 20220
25018 25007 22491
25177 25165 16905
25278 25259 23969
25306 25300 25397
25420 25436 23478
25560 25540 11468
25694 25612 17589
25702 25766 10016
25838 25880 10578
25971 25967 899
26077 26051 3640
26158 26188 6237
26272 26253 22802
26388 26340 18807
26413 26499 9541
26521 26512 8112
26650 26605 1456
26702 26777 6244
26836 26808 5694
26969 26974 10329
27002 27006 1715
27190 27155 812
27206 27231 14536
27398 27396 23334
27438 27463 19332
27507 27531 15744
27684 27657 27329
27795 27779 10913
27860 27871 27527
27934 27989 4505
28081 28074 20498
28179 28106 16455
28292 28228 1381
28319 28391 12930
28448 28474 27467
28549 28506 11369
28645 28695 25116
28765 28735 8843
28894 28879 818
28910 28937 23363
29003 29094 20481
29162 29140 10327
29208 29270 13418
29361 29358 28082
29480 29460 10368
29511 29582 19594
29679 29644 25710
29754 29765 1420
29826 29889 29415
29906 29994 15877
30009 30074 15669
30128 30106 22652
30269 30249 20162
30358 30301 14714
30483 30454 6080
30564 30505 9756
30623 30627 25482
30760 30731 4727
30891 30822 10554
30905 30961 29278
31073 31069 30191
31198 31183 29248
31283 31245 5941
31319 31307 18489
31441 31450 16373
31557 31530 17263
31655 31638 18184
31731 31738 26142
31859 31895 12948
31991 31928 31700
32026 32053 7774
32139 32104 6209
32220 32227 23333
32358 32397 25941
32487 32486 10582
32576 32590 28753
32671 32606 17150
32715 32738 13865
32805 32881 26074
32929 32994 6069
33056 33060 22208
33132 33111 11423
33241 33208 15770
33378 33315 3654
33468 33404 30434
33578 33550 16101
33686 33655 21137
33775 33744 23619
33849 33854 24701
33981 33903 1294
34033 34024 23019
34141 34168 27043
34221 34288 6759
34368 34382 12129
34459 34476 13838
34500 34511 30414
34648 34676 25261
34713 34730 16584
34884 34862 5476
34981 34916 976
35007 35023 28636
35157 35128 32408
35272 35229 16670
35324 35376 13206
35453 35443 2283
35587 35538 10259
35643 35608 10605
35761 35751 34375
35811 35829 11634
35948 35993 30747
36099 36064 16725
36139 36142 18764
36247 36283 18531
36335 36345 6702
36471 36430 26152
36513 36512 9391
36617 36662 19651
36718 36766 71
36835 36803 32934
36934 36909 28860
37065 37002 6160
37122 37182 283
37253 37211 19721
37323 37360 27802
37470 37488 35758
37517 37574 17985
37629 37620 16832
37780 37736 34109
37862 37861 14864
37985 37904 18514
38092 38057 15478
38132 38194 8096
38272 38297 35171
38356 38382 22169
38464 38457 2616
38591 38583 5263
38669 38651 37074
38751 38714 21070
38808 38882 20184
38911 38935 18559
39096 39090 27517
39112 39144 30873
39219 39240 17405
39363 39346 18016
39400 39404 10160
39501 39524 25922
39638 39644 16834
39765 39726 18443
39811 39828 5534
39929 39968 36013
40095 40022 13829
40104 40114 601
40226 40240 6133
40380 40319 9022
40466 40445 15590
40507 40525 9463
40658 40653 36541
40732 40702 30286
40859 40809 27485
40930 40943 38980
41092 41053 6995
41140 41101 5506
41284 41253 16346
41302 41382 8207
41499 41404 4777
41564 41583 24501
41676 41638 32382
41728 41743 31416
41860 41856 10377
41943 41903 6639
42072 42082 5845
42117 42129 1254
42205 42244 23931
42330 42385 21432
42407 42438 16666
42552 42583 25121
42677 42658 9125
42766 42725 29658
42863 42895 10259
42971 42934 38669
43078 43073 26577
43195 43110 8002
43238 43218 8572
43361 43354 34160
43494 43455 21709
43502 43583 24407
43667 43621 20141
43784 43791 37365
43897 43823 41569
43929 43987 5888
44074 44064 40444
44136 44119 32418
44287 44238 22180
44356 44314 43187
44449 44477 1728
44591 44590 11464
44625 44660 11934
44759 44744 13849
44818 44870 41596
44991 44968 19517
45067 45023 41349
45113 45113 15176
45226 45226 30195
45306 45368 37963
45483 45418 33107
45543 45504 19849
45662 45682 35888
45783 45786 23832
45887 45874 8906
45958 45924 29871
46060 46039 21512
46167 46135 1530
46296 46293 9942
46385 46385 25846
46460 46408 32336
46592 46577 24375
46647 46660 45509
46756 46748 23227
46828 46829 42501
46960 46948 8488
47092 47076 25010
47132 47122 45500
47234 47261 46452
47393 47321 23703
47436 47413 13701
47572 47571 36585
47623 47679 39674
47735 47795 41644
47841 47842 23635
47994 47978 32220
48044 48054 3345
48111 48154 28098
48252 48287 20249
48321 48328 21196
48424 48433 25951
48510 48515 45067
48612 48608 23886
48730 48736 25742
48878 48888 19165
48969 48990 40984
49015 49012 44827
49159 49117 43546
49223 49202 10598
49391 49378 49315
49441 49418 42189
49504 49565 17456
49610 49609 1279
49720 49758 20446
49889 49893 11154
49900 49944 22556
50004 50056 24209
50137 50179 34483
50247 50279 21828
50346 50324 44361
50453 50417 42435
50545 50554 46859
50629 50606 39933
50708 50710 40419
50803 50896 10114
50963 50953 756
51029 51034 34881
51124 51184 1789
51231 51240 38554
51339 51324 2846
51482 51481 47569
51503 51539 32206
51608 51672 20901
51762 51737 28932
51850 51855 25852
51974 51987 28364
52061 52060 4009
52118 52165 51828
52278 52286 8098
52344 52321 27023
52491 52422 50112
52553 52509 10437
52692 52614 52666
52737 52746 36464
52882 52849 10260
52978 52947 14035
53011 53010 37125
53113 53138 41332
53214 53201 11829
53364 53313 41987
53435 53456 45127
53504 53546 19005
53666 53605 51315
53793 53769 33465
53824 53805 4374
53989 53982 41418
54027 54089 33924
54186 54191 16214
54252 54246 27985
54389 54338 24082
54448 54423 36896
54544 54561 24999
54686 54650 54136
54724 54741 52589
54898 54819 36493
54980 54974 51945
55039 55002 39240
55119 55183 7685
55260 55259 6571
55305 55358 13336
55422 55490 23143
55596 55544 24332
55670 55688 23420
55792 55750 46249
55811 55816 38128
55987 55906 28634
56031 56057 37311
56167 56130 4889
56200 56249 24962
56305 56364 25327
56484 56445 50257
56575 56524 35882
56695 56604 21101
56751 56704 3657
56830 56851 9961
56968 56927 9787
57055 57079 34005
57193 57115 21070
57239 57235 35571
57342 57352 22106
57455 57402 52588
57578 57571 29432
57630 57667 27767
57796 57710 44717
57829 57821 54304
57958 57969 8758
58099 58039 24263
58162 58152 47222
58296 58266 36229
58354 58345 28942
58473 58476 36556
58512 58596 43087
58695 58649 46783
58757 58725 22096
58859 58810 55277
58964 58900 27064
59010 59055 27662
59187 59164 24518
59212 59211 19857
59381 59301 57990
59474 59481 12008
59542 59583 19473
59656 59655 38049
59731 59717 58707
59818 59863 20413
59996 59992 3623
60012 60022 31455
60130 60124 27705
60272 60274 18706
60399 60398 56738
60451 60410 27735
60520 60580 27021
60642 60689 52282
60701 60798 42318
60832 60862 53250
60985 60970 36737
61034 61044 59999
61148 61189 41292
61235 61269 57034
61303 61372 38503
61456 61480 16917
61570 61529 3870
61635 61649 56891
61743 61756 20725
61883 61820 15601
61927 61980 57430
62000 62004 34098
62110 62187 6844
62225 62249 28915
62327 62382 34226
62402 62420 7371
62542 62561 25625
62649 62660 51333
62773 62757 24282
62805 62840 62064
62975 62901 865
63046 63091 28983
63191 63186 56331
63272 63245 8968
63307 63347 26611
63411 63482 60691
63598 63549 47205
63656 63641 14389
63740 63708 30636
63831 63898 56626
63973 63961 11629
64033 64051 37550
64127 64175 28740
64295 64283 61661
64307 64370 4343
64484 64435 25223
64592 64583 13947
64662 64627 33271
64702 64703 14880
64857 64819 59440
64968 64978 27758
65084 65030 33165
65124 65128 57437
65292 65277 36322
65337 65327 23365
65494 65498 12181
65524 65576 61
65622 65627 53151
65767 65760 14340
65852 65893 31823
65919 65909 15097
66041 66067 17498
66184 66199 60549
66270 66289 48386
66374 66374 49305
66456 66459 48219
66585 66517 6030
66673 66604 3252
66720 66741 47783
66856 66813 10681
66981 66923 29748
67003 67054 6225
67181 67116 64575
67208 67257 11710
67375 67360 26296
67401 67433 36731
67512 67506 19716
67663 67638 22115
67761 67741 35528
67800 67801 62840
67993 67976 51481
68004 68034 55788
68133 68145 47354
68227 68253 37379
68314 68396 25274
68443 68411 18703
68589 68556 44949
68621 68662 33043
68774 68735 41441
68839 68830 49526
68996 68910 15004
69055 69053 16863
69159 69132 45256
69255 69220 40358
69393 69343 40019
69492 69405 9345
69565 69514 24937
69643 69696 24561
69728 69744 6181
69865 69841 56859
69904 69908 63446
70094 70034 58930
70110 70128 60642
70275 70290 11518
70396 70389 7043
70464 70477 59184
70599 70542 33767
70683 70645 35025
70715 70775 10934
70800 70850 15609
70969 70959 13572
71063 71088 7633
71103 71124 16573
71273 71287 19983
71365 71368 64101
71452 71403 60571
71537 71562 52944
71655 71659 21223
71789 71720 14518
71809 71850 57312
71996 71937 18071
72042 72052 67182
72161 72120 40907
72263 72218 26710
72328 72300 43085
72468 72428 4419
72585 72567 21849
72645 72621 45193
72726 72763 27454
72863 72815 37033
72936 72987 57737
73088 73075 56443
73175 73196 48411
73268 73286 57351
73316 73328 52223
73405 73497 34067
73567 73500 1686
73676 73634 30310
73736 73735 11703
73806 73883 71025
73971 73950 5184
74061 74094 67705
74125 74185 56614
74241 74293 38687
74383 74314 63762
74495 74429 67950
74586 74560 56791
74629 74611 67560
74708 74720 36252
74800 74815 35435
74980 74980 58346
75001 75068 51807
75171 75159 70686
75209 75217 21519
75398 75383 47223
75465 75411 29370
75561 75514 888
75651 75641 49518
75738 75706 31476
75821 75819 21377
75994 75953 3601
76091 76062 50989
76155 76100 9138
76276 76230 3840
76314 76385 47903
76442 76408 69180
76592 76558 32413
76635 76603 47940
76732 76708 55565
76800 76807 16065
76995 76985 32720
77043 77008 64115
77180 77129 68472
77269 77284 5817
77300 77394 19456
77482 77489 11678
77548 77519 69804
77601 77642 76305
77723 77787 33075
77824 77840 48042
77981 77984 25392
78080 78093 18756
78158 78153 45651
78260 78221 12734
78351 78313 67079
78414 78499 78402
78595 78571 9920
78674 78650 12737
78711 78700 60510
78863 78871 1933
78947 78988 18278
79056 79090 6901
79185 79129 75170
79207 79228 57295
79349 79367 73562
79456 79471 50838
79544 79553 10295
79601 79662 60060
79760 79722 16354
79894 79845 12751
79959 79936 24863
80039 80006 3967
80138 80114 18170
80295 80249 78834
80346 80398 72683
80426 80421 18210
80508 80545 69750
80672 80689 13578
80782 80789 64541
80837 80873 61578
80948 80903 49812
81096 81096 44870
81107 81186 76924
81263 81209 72130
81394 81364 30709
81468 81420 36062
81544 81532 53199
81677 81691 15838
81799 81794 119
81896 81850 77798
81948 81932 65138
82008 82018 8792
82134 82169 7183
82231 82230 723
82315 82325 55846
82487 82468 34723
82505 82515 75233
82670 82673 72581
82705 82790 19245
82830 82870 32133
82995 82951 23050
83014 83044 1266
83168 83112 80170
83288 83255 17550
83385 83300 79493
83406 83400 1482
83516 83514 35337
83649 83675 80298
83711 83757 80937
83858 83813 37069
83927 83952 12970
84053 84046 40316
84156 84152 7007
84276 84273 69884
84338 84307 71430
84409 84433 57026
84560 84541 17715
84629 84633 28850
84742 84760 16239
84870 84892 63969
84906 84911 32854
85027 85012 22486
85148 85133 52187
85278 85255 24672
85315 85304 8301
85443 85432 68067
85580 85535 40382
85659 85624 27008
85738 85758 68583
85857 85892 52874
85935 85974 49108
86016 86075 12065
86108 86107 37060
86212 86223 34466
86309 86389 23634
86477 86416 23249
86580 86530 66040
86670 86648 47818
86728 86703 62631
86891 86847 51480
86920 86924 79619
87074 87059 76924
87122 87142 84939
87290 87202 76655
87375 87344 64713
87429 87499 79793
87531 87580 12410
87601 87625 58589
87704 87766 21361
87870 87885 10086
87928 87957 48575
88069 88048 87095
88158 88195 6642
88254 88277 27234
88335 88329 40169
88404 88497 67944
88559 88553 42128
88626 88699 5311
88754 88723 84917
88852 88859 72161
88921 88950 3363
89077 89024 87042
89159 89120 5395
89215 89246 73780
89384 89397 44790
89461 89491 53155
89592 89598 15392
89672 89653 54278
89729 89718 13353
89817 89858 58574
89988 89972 59321
90011 90027 3236
90183 90178 15783
90276 90255 53310
90397 90339 48498
90428 90492 72499
90564 90534 51693
90616 90618 25838
90700 90714 6905
90899 90807 74562
90960 90998 83077
91050 91019 73356
91127 91132 35034
91232 91202 44094
91339 91333 2839
91460 91473 9698
91507 91525 86234
91663 91634 51150
91759 91707 86868
91828 91898 89610
91961 91995 36424
92022 92031 48948
92160 92162 24827
92290 92247 82214
92391 92385 40934
92497 92436 2231
92574 92533 38560
92602 92613 30553
92707 92751 73169
92824 92824 10412
92925 92916 39643
93099 93098 68470
93107 93183 39762
93291 93203 50180
93319 93395 56903
93462 93481 79102
93594 93579 24351
93621 93688 73871
93755 93788 80128
93824 93860 79737
93977 93946 76400
94096 94019 40545
94186 94107 486
94215 94238 2064
94370 94354 29284
94494 94430 17152
94540 94587 85540
94620 94622 90406
94774 94704 3218
94803 94821 66769
94968 94918 33010
95068 95080 78856
95113 95171 51357
95267 95237 11434
95322 95315 5613
95494 95481 64310
95543 95576 22268
95690 95645 15549
95729 95780 75919
95802 95891 79488
95945 95978 42625
96095 96000 6090
96199 96109 7663
96229 96243 93435
96349 96312 63762
96457 96488 45011
96575 96516 36561
96604 96662 15900
96760 96731 85300
96867 96819 76470
96934 96961 14955
97016 97096 65802
97143 97170 57296
97291 97251 24630
97380 97368 48560
97498 97438 43471
97548 97576 87642
97611 97648 65624
97795 97713 49522
97874 97857 48864
97965 97954 58111
98088 98035 61510
98198 98141 1076
98244 98293 53305
98395 98366 47934
98407 98416 69147
98564 98545 60998
98606 98628 39300
98784 98797 61001
98814 98896 12895
98901 98941 82901
99091 99057 73361
99199 99112 57057
99271 99279 54034
99389 99378 34570
99487 99436 52266
99562 99521 81583
99605 99660 97415
99796 99781 89131
99899 99891 85304
99945 99911 36919
