1000
19 76 17
168 197 148
238 258 182
300 343 46
481 425 379
575 504 409
664 616 678
751 785 16
829 842 550
976 945 140
1058 1055 618
1175 1173 832
1232 1217 562
1394 1357 1118
1400 1418 408
1578 1548 413
1618 1690 1222
1784 1710 1147
1872 1865 1562
1907 1968 672
2091 2088 1494
2131 2122 658
2282 2245 560
2318 2383 2100
2458 2478 1282
2513 2557 836
2639 2614 730
2738 2746 1829
2813 2826 1797
2976 2954 2895
3067 3061 1978
3133 3192 2345
3251 3226 42
3388 3388 2592
3412 3442 2552
3573 3519 2
3612 3678 3532
3774 3703 1437
3803 3806 1749
3943 3958 6
4017 4013 2971
4125 4193 158
4249 4260 524
4389 4384 1792
4494 4469 3747
4511 4556 4303
4683 4686 1771
4786 4749 4579
4808 4896 1589
4991 4991 4792
5085 5027 3030
5168 5190 4342
5242 5295 4969
5321 5394 4592
5456 5437 277
5560 5588 1948
5691 5679 5375
5702 5747 2349
5829 5836 517
5964 5987 1129
6072 6066 4891
6130 6176 70
6281 6298 700
6378 6333 6304
6481 6494 4773
6547 6576 1969
6675 6689 449
6701 6782 1409
6808 6854 5674
6919 6931 2648
7021 7059 1391
7188 7107 5985
7249 7278 5727
7360 7365 5742
7499 7416 5782
7583 7572 2335
7641 7616 931
7739 7737 735
7885 7886 2653
7934 7912 1262
8053 8091 4920
8110 8111 6573
8276 8279 4216
8387 8358 2192
8403 8497 1835
8544 8544 4634
8610 8623 6350
8787 8721 3287
8836 8894 298
8908 8925 5574
9084 9031 4855
9165 9173 8983
9220 9222 1825
9396 9358 635
9419 9495 1879
9569 9509 98
9675 9674 856
9721 9788 7231
9887 9834 1597
9995 9996 5991
10034 10072 8978
10119 10107 6785
10214 10263 4546
10391 10304 1108
10426 10445 6288
10556 10513 6115
10612 10685 4293
10725 10710 4326
10865 10817 8615
10959 10947 9588
11006 11047 6797
11108 11123 2082
11238 11224 2179
11335 11364 10181
11481 11434 9873
11504 11577 3711
11654 11675 6503
11718 11720 5953
11801 11859 6655
11985 11969 10557
12039 12029 7779
12191 12132 9329
12235 12233 4665
12387 12384 1
12420 12414 12098
12544 12526 1169
12649 12611 3260
12743 12747 9490
12839 12814 4835
12987 12929 8457
13002 13090 10579
13197 13145 3681
13225 13260 2504
13374 13315 10636
13494 13490 8055
13501 13526 4817
13626 13647 13610
13747 13764 4638
13816 13896 11076
13905 13943 10980
14066 14027 8288
14138 14114 1998
14212 14263 10801
14325 14323 3921
14471 14457 335
14529 14597 14407
14650 14698 6302
14768 14779 2326
14841 14853 10238
14905 14902 6546
15091 15006 8277
15139 15172 12923
15294 15203 6431
15373 15310 10451
15403 15496 7335
15527 15557 6393
15635 15636 7662
15716 15712 9745
15816 15886 14366
15992 15917 11380
16053 16051 5284
16174 16194 14111
16209 16217 3753
16373 16329 16271
16436 16438 1592
16598 16515 3593
16686 16627 8029
16727 16715 10142
16891 16883 12228
16999 16925 13703
17087 17037 12619
17116 17199 15311
17207 17267 10717
17314 17326 5784
17415 17461 5075
17545 17572 5976
17662 17648 5553
17776 17710 14840
17812 17852 10923
17914 17947 15005
18037 18046 1752
18189 18149 15888
18226 18215 15987
18335 18369 5645
18441 18495 17011
18556 18555 18270
18682 18636 11096
18788 18794 17136
18808 18893 14704
18936 18904 5847
19010 19007 15435
19162 19172 1362
19259 19256 17687
19332 19339 1090
19400 19494 1398
19584 19572 15063
19625 19683 11528
19741 19743 4750
19823 19817 14795
19969 19903 15692
20068 20012 15058
20195 20108 12113
20227 20274 18756
20320 20346 14725
20458 20400 15863
20559 20585 16644
20610 20604 11027
20737 20720 3066
20869 20869 19734
20967 20904 8145
21064 21039 13540
21143 21141 20296
21262 21228 8304
21375 21398 17274
21447 21446 17735
21566 21592 15414
21674 21656 14649
21730 21770 11617
21812 21818 5961
21957 21945 18574
22042 22014 3597
22141 22132 6304
22271 22226 1205
22333 22363 4572
22436 22448 21047
22508 22528 19891
22696 22660 19357
22790 22721 3504
22889 22877 7115
22988 22944 7371
23043 23082 3771
23191 23151 16259
23205 23233 22582
23359 23342 13273
23483 23458 7228
23550 23528 12282
23660 23617 18298
23767 23732 8397
23873 23860 2529
23929 23907 16915
24008 24059 6805
24172 24152 18119
24229 24272 7303
24387 24350 23472
24404 24446 20379
24527 24556 12358
24611 24608 24146
24733 24728 7797
24823 24859 21600
24932 24974 16915
25049 25048 22039
25189 25146 3107
25202 25201 18262
25347 25326 6636
25432 25442 23709
25598 25562 23862
25676 25636 13713
25768 25759 8620
25876 25841 24508
25905 25970 3348
26002 26076 9318
26197 26177 20179
26203 26291 23143
26331 26367 9877
26423 26405 11565
26505 26502 25347
26607 26621 14692
26722 26722 7194
26817 26831 25458
26949 26965 10887
27004 27005 8029
27129 27118 12912
27295 27283 8361
27397 27360 3536
27451 27430 24945
27504 27500 4813
27632 27671 4831
27782 27778 2089
27838 27873 23352
27942 27952 11152
28095 28098 12434
28136 28135 2834
28273 28218 5189
28362 28364 20855
28405 28461 20679
28575 28577 14361
28613 28663 25356
28700 28709 686
28874 28833 26441
28926 28964 11966
29056 29051 20948
29118 29122 25674
29230 29243 24422
29349 29309 2569
29458 29424 26121
29579 29508 14418
29617 29625 3074
29708 29710 24769
29880 29881 18707
29940 29922 5292
30043 30045 17360
30128 30169 15367
30235 30241 10897
30355 30339 19608
30416 30425 1280
30543 30562 16564
30646 30615 8687
30744 30744 10013
30809 30875 11928
30936 30961 6152
31093 31021 15497
31139 31124 16358
31244 31251 6729
31344 31390 22123
31493 31441 1650
31513 31574 4603
31643 31667 26171
31763 31759 22215
31831 31819 815
31942 31988 6223
32059 32030 9568
32123 32111 977
32255 32248 22650
32347 32362 12554
32401 32409 28936
32546 32543 18681
32607 32628 23257
32796 32747 11213
32838 32811 18162
32921 32932 29982
33023 33050 30044
33199 33180 32503
33233 33250 9668
33363 33375 11900
33477 33478 204
33550 33585 18968
33644 33665 3261
33759 33762 10987
33832 33824 31496
33917 33980 26316
34016 34017 26379
34147 34125 11279
34228 34230 33745
34323 34311 658
34474 34446 25703
34522 34520 25354
34688 34699 3092
34762 34771 19826
34800 34878 24810
34905 34961 14513
35037 35036 22817
35199 35166 24593
35261 35270 7116
35337 35330 29081
35487 35435 29661
35504 35533 11793
35698 35635 33804
35773 35771 31913
35820 35854 8308
35916 35947 769
36007 36076 32420
36154 36140 18960
36235 36268 16457
36332 36392 32404
36491 36411 9362
36520 36554 29650
36643 36681 1686
36704 36752 22226
36876 36868 28517
36917 36973 14901
37020 37063 2716
37107 37116 20696
37200 37244 28191
37337 37320 10204
37443 37475 3473
37564 37553 21927
37640 37676 10297
37706 37795 8624
37831 37845 25381
37952 37996 20933
38069 38051 26189
38137 38178 1514
38264 38286 15671
38334 38323 23467
38495 38463 24861
38570 38500 22620
38637 38670 1595
38787 38785 38158
38822 38875 20971
38974 38920 34753
39063 39056 25489
39183 39176 28220
39252 39264 32719
39397 39376 11
39451 39451 33668
39555 39512 8030
39614 39660 39298
39722 39713 11603
39863 39897 25497
39950 39938 4849
40043 40081 20732
40108 40147 29614
40263 40230 2560
40384 40322 4410
40456 40449 22786
40507 40524 34980
40609 40693 8529
40770 40752 35305
40838 40815 12099
40945 40904 23725
41005 41096 33401
41159 41154 18372
41293 41291 10148
41368 41313 38244
41403 41406 24630
41507 41559 34998
41621 41682 17039
41713 41711 23480
41814 41832 26445
41929 41931 6556
42030 42034 25263
42183 42124 36953
42201 42259 12923
42341 42387 6173
42487 42414 39042
42596 42519 37992
42666 42695 21017
42753 42726 42306
42864 42869 26170
42970 42914 38441
43076 43076 39248
43174 43130 2852
43209 43281 15740
43322 43384 29229
43446 43496 33230
43573 43558 26811
43697 43615 24345
43727 43778 36902
43838 43895 19715
43928 43927 16037
44025 44054 24389
44122 44167 28457
44203 44215 1734
44319 44302 33881
44453 44415 25953
44549 44554 37647
44648 44645 25055
44702 44730 6158
44891 44830 38207
44941 44950 1221
45061 45099 27500
45187 45124 12371
45215 45231 40314
45397 45339 9539
45490 45472 31551
45530 45573 23864
45618 45692 40569
45713 45779 23705
45805 45882 41291
45903 45954 36011
46069 46082 38098
46155 46123 21197
46234 46280 37352
46360 46337 25120
46465 46447 38074
46578 46577 26273
46660 46606 43167
46762 46729 1668
46842 46829 36239
46913 46976 8307
47065 47049 5916
47118 47157 27680
47296 47210 12484
47398 47306 28254
47401 47458 28663
47544 47505 20808
47692 47667 42175
47706 47790 19486
47864 47849 1487
47937 47956 41183
48007 48045 3951
48187 48105 41672
48212 48273 25543
48313 48356 1685
48477 48430 37987
48550 48529 33955
48644 48644 24767
48786 48700 17624
48887 48819 24350
48903 48957 35144
49023 49051 38104
49169 49136 24396
49268 49222 25430
49370 49384 11943
49453 49449 41759
49582 49532 43152
49635 49641 35211
49730 49769 2953
49811 49889 15418
49976 49912 19965
50023 50043 18641
50107 50198 40763
50237 50258 22490
50357 50307 36067
50437 50485 15284
50500 50536 5207
50611 50656 33305
50738 50707 9020
50869 50887 12010
50995 50969 8015
51044 51085 49078
51123 51138 49494
51281 51295 48179
51356 51303 36287
51459 51469 13383
51566 51523 33386
51651 51625 48639
51756 51706 38694
51895 51895 41862
51927 51990 39234
52005 52020 15669
52198 52112 22039
52240 52273 9077
52322 52306 29739
52464 52475 28035
52575 52588 36973
52615 52631 18333
52743 52758 6689
52808 52854 47200
52941 52996 1533
53053 53021 43962
53112 53149 4497
53209 53203 21423
53354 53352 43842
53473 53480 7238
53504 53544 10055
53669 53611 33986
53725 53708 15484
53833 53818 2580
53969 53914 21390
54020 54005 22462
54141 54150 44344
54282 54227 42229
54338 54349 2497
54430 54406 7243
54589 54588 2208
54645 54655 33830
54705 54769 52564
54874 54814 45205
54910 54949 48723
55043 55027 41485
55138 55136 44776
55205 55251 45122
55346 55365 40623
55445 55478 54406
55522 55567 37774
55613 55696 19538
55791 55753 25172
55879 55811 47646
55946 55959 40999
56007 56027 21036
56108 56133 52684
56288 56214 8645
56308 56326 30031
56404 56438 26323
56587 56516 19734
56697 56626 24462
56774 56790 3798
56820 56887 32523
56987 56974 50753
57079 57081 38002
57168 57199 5358
57271 57243 35054
57317 57387 37267
57471 57427 7493
57595 57576 52699
57615 57627 8579
57711 57729 46322
57874 57849 33832
57991 57934 56478
58080 58062 5464
58194 58129 56371
58284 58296 21128
58301 58332 6384
58453 58401 53152
58533 58596 19397
58607 58656 55675
58796 58796 40563
58834 58843 1065
58950 58935 6431
59077 59078 7241
59163 59124 21860
59211 59261 2026
59392 59383 18324
59459 59495 52165
59521 59512 36970
59668 59658 34330
59755 59783 22586
59848 59803 17220
59946 59950 28068
60047 60014 41236
60167 60194 23901
60236 60280 34420
60386 60335 17615
60455 60420 55212
60574 60532 56274
60693 60639 46658
60718 60772 16967
60880 60832 33125
60918 60920 26813
61098 61016 17308
61172 61128 9394
61252 61274 25208
61335 61308 12339
61445 61436 20887
61586 61591 25847
61689 61604 37368
61758 61771 52311
61858 61877 14301
61935 61975 10214
62027 62095 22706
62161 62184 18693
62236 62238 3000
62304 62302 5867
62473 62401 2829
62520 62599 5849
62699 62621 26309
62765 62724 38523
62880 62840 45934
62993 62994 57588
63021 63052 59802
63177 63159 6262
63255 63246 39517
63366 63327 56869
63437 63404 56157
63515 63565 55665
63686 63699 18281
63738 63707 53161
63813 63893 16507
63981 63949 32368
64019 64088 43497
64144 64177 41196
64271 64204 46800
64368 64357 33548
64474 64446 57068
64599 64563 58803
64694 64646 36229
64790 64766 41293
64847 64892 35760
64931 64975 44520
65099 65046 3099
65114 65154 51610
65240 65228 60694
65302 65315 35000
65482 65419 8543
65599 65577 58566
65689 65669 49046
65760 65794 16445
65860 65822 18516
65932 65986 11673
66074 66077 55421
66108 66152 43094
66284 66289 7637
66379 66391 32223
66422 66476 52238
66593 66500 13728
66692 66644 63472
66750 66793 45806
66854 66892 11851
66938 66907 10982
67062 67064 35791
67158 67147 32488
67210 67253 58860
67354 67372 53023
67487 67430 26337
67563 67561 35324
67647 67615 66562
67745 67738 51602
67881 67834 40046
67925 67931 10693
68041 68068 23994
68199 68176 35138
68266 68235 7939
68359 68377 12192
68446 68464 22367
68539 68537 15721
68613 68665 21456
68734 68717 5208
68845 68891 36373
68934 68999 39136
69076 69099 36547
69108 69137 42431
69215 69201 26286
69373 69354 17184
69417 69487 62545
69524 69563 18598
69640 69607 55360
69708 69713 19417
69883 69874 1323
69973 69939 31159
70055 70091 11772
70159 70166 32190
70296 70295 5689
70310 70300 6850
70470 70413 55932
70549 70541 28275
70634 70664 24861
70769 70783 55512
70805 70806 56450
70930 70914 44332
71082 71028 38498
71154 71183 25552
71214 71234 10317
71391 71321 12572
71451 71418 31677
71501 71526 8056
71628 71615 54929
71777 71707 16438
71889 71888 28355
71968 71975 7177
72015 72072 56875
72145 72125 57423
72200 72257 56187
72341 72359 868
72467 72403 43401
72579 72523 3587
72632 72632 539
72714 72791 32329
72843 72877 12254
72900 72900 44612
73078 73009 25128
73174 73128 60352
73253 73224 36105
73324 73361 42223
73400 73437 26818
73584 73597 11734
73620 73605 24185
73766 73711 14561
73850 73813 29610
73969 73940 63887
74042 74077 52026
74114 74145 42687
74226 74229 36639
74309 74394 20231
74447 74444 10357
74520 74582 58837
74691 74677 25435
74724 74702 56600
74880 74834 24350
74964 74954 41730
75078 75055 35808
75119 75129 12204
75285 75248 69509
75389 75371 3623
75401 75456 3258
75503 75557 11231
75677 75617 10707
75750 75790 72681
75891 75857 60128
75994 75964 15420
76036 76023 7051
76143 76193 27995
76228 76294 13956
76379 76394 75005
76459 76443 73050
76502 76582 4159
76629 76625 51077
76735 76760 5373
76839 76856 41685
76974 76952 42729
77006 77026 13845
77176 77154 61567
77204 77236 62623
77368 77339 59084
77407 77422 65206
77513 77506 65327
77616 77650 59571
77778 77793 29976
77803 77891 4713
77963 77948 75521
78041 78021 75243
78153 78144 13043
78271 78213 27437
78369 78318 17305
78468 78479 35739
78553 78556 65847
78680 78630 27816
78756 78749 45935
78850 78823 5388
78972 78968 54821
79044 79082 47394
79155 79188 37482
79226 79231 53424
79342 79355 46955
79454 79428 74451
79550 79535 58115
79606 79643 27280
79722 79700 35124
79882 79885 79017
79956 79981 56517
80079 80019 51683
80114 80157 16895
80256 80270 32548
80387 80317 79289
80465 80487 2027
80586 80523 61771
80600 80698 40283
80706 80735 56697
80842 80874 46384
80948 80907 78058
81026 81068 18655
81148 81188 43377
81274 81287 15114
81350 81383 49042
81449 81486 66216
81558 81573 75262
81636 81627 49164
81739 81759 10194
81892 81829 7877
81958 81983 61251
82039 82017 11543
82106 82128 40887
82217 82245 7343
82346 82326 31127
82444 82404 58825
82567 82595 12001
82618 82632 7493
82784 82739 77148
82873 82811 68429
82924 82920 73712
83033 83029 7400
83107 83136 73499
83232 83239 46257
83306 83370 14038
83444 83477 111
83551 83573 57767
83620 83662 54505
83762 83789 18002
83840 83855 2590
83929 83993 7057
84029 84054 61269
84121 84134 83125
84284 84293 54969
84315 84329 27898
84413 84404 13805
84547 84577 7010
84610 84696 12348
84760 84759 27418
84812 84837 4535
84975 84919 56223
85029 85031 34158
85188 85169 71487
85275 85207 53498
85304 85352 70100
85406 85436 38950
85501 85510 8181
85683 85683 25073
85781 85740 63117
85805 85836 36265
85925 85964 75145
86049 86016 70883
86142 86139 75553
86294 86246 71453
86335 86378 44150
86415 86481 20800
86547 86534 49765
86618 86639 6480
86753 86702 70018
86841 86854 3288
86949 86917 40979
87092 87077 43424
87122 87110 37028
87288 87230 16210
87311 87349 54212
87484 87466 86452
87509 87512 81056
87669 87659 6759
87728 87758 1804
87877 87854 29668
87933 87960 86175
88032 88096 27367
88148 88133 60428
88264 88257 54563
88310 88391 24250
88481 88417 51403
88532 88561 23843
88655 88623 60110
88775 88742 75433
88896 88845 1099
88977 88915 9306
89018 89080 13148
89161 89159 63332
89201 89217 9107
89390 89312 36133
89480 89413 75414
89576 89566 70584
89639 89650 66556
89727 89785 7843
89837 89833 60608
89959 89969 67295
90037 90088 3207
90156 90148 9582
90238 90268 82228
90302 90307 69024
90498 90447 62441
90568 90591 75826
90621 90629 59855
90755 90719 24759
90875 90871 2634
90941 90942 27836
91030 91090 70469
91112 91191 12641
91202 91248 76651
91375 91315 7171
91465 91486 60010
91504 91567 8780
91669 91647 84527
91745 91731 26324
91843 91893 56213
91958 91949 3190
92043 92074 82391
92118 92180 69080
92250 92255 29187
92300 92373 76915
92484 92451 28487
92578 92592 41248
92642 92684 29770
92785 92761 49469
92814 92869 84655
92936 92979 77062
93012 93023 85364
93194 93187 30746
93262 93269 87177
93320 93377 7874
93468 93420 82327
93599 93529 91341
93629 93603 7624
93748 93776 61781
93888 93812 65202
93937 93986 25817
94086 94051 42820
94128 94171 40982
94237 94229 26778
94301 94396 79679
94442 94485 81170
94596 94560 69382
94634 94681 35813
94706 94784 91057
94819 94830 43410
94904 94906 56164
95025 95005 12973
95119 95134 92495
95271 95259 35917
95378 95345 1351
95447 95443 57707
95542 95516 75042
95608 95623 90621
95739 95728 4346
95876 95835 51203
95915 95968 85878
96004 96091 65443
96198 96184 30746
96276 96237 52683
96371 96303 67563
96449 96453 26159
96554 96556 21374
96657 96622 38273
96745 96775 3575
96834 96846 22251
96959 96962 44104
97009 97026 30306
97171 97140 5564
97207 97279 8929
97337 97354 31960
97471 97488 87776
97568 97588 41718
97639 97663 60344
97714 97711 81950
97808 97847 25556
97983 97966 23498
98011 98030 32094
98148 98199 85485
98224 98243 74584
98379 98305 72182
98471 98440 41222
98515 98565 19948
98602 98628 75434
98799 98716 5872
98825 98841 70666
98986 98960 30101
99025 99024 83612
99190 99105 89016
99220 99208 17787
99313 99304 98125
99459 99450 97170
99503 99589 36243
99666 99665 24065
99714 99775 776
99892 99837 67290
99934 99975 98291
