844
4016 82523 75259
38964 45788 9082
83548 76297 46550
96516 6559 87838
22655 63331 99440
9609 33419 59221
16031 1571 80585
59199 4508 83372
6641 74147 29753
61571 4741 12056
99573 17282 69114
84513 51960 59150
80518 52190 66250
20813 17327 42442
21964 58090 86771
62811 33697 70346
44765 74827 39115
62087 5204 15559
70459 54234 54009
7482 67616 59081
27824 97943 40693
26726 19266 39185
41969 27257 65351
55892 94471 4379
66347 99396 52517
79677 41638 61739
10556 81264 47709
22142 15512 85845
58220 98362 73026
63555 94652 56277
29686 45138 39692
64267 18296 65630
87796 55533 82410
76216 77498 35417
5730 81122 55673
63532 23502 34560
11969 17931 78163
48166 21159 45408
50082 29463 52611
59143 21329 540
49227 32643 5283
64908 8 2588
88034 57658 41560
37648 90744 75775
49632 21241 43112
82160 29592 20682
8170 60649 30970
19805 60848 54720
76280 47370 54084
22393 75827 58367
15776 22086 58325
50887 88262 85688
21797 86398 22768
64729 74845 46534
81207 66941 24806
81030 33158 79151
63178 54842 39844
30741 62403 65784
49644 1899 77367
96879 84591 32971
86385 41753 61154
54794 61260 71750
44966 16179 2762
37588 29919 31891
6370 5596 43780
45388 84950 8797
59682 88218 67555
52969 18802 81782
26196 59557 16314
93579 84271 8173
28032 73203 56234
68274 14114 79522
12400 57291 34759
30146 33036 31245
32886 88764 60095
35451 31600 81413
76875 76592 9068
51009 32480 91210
66921 30077 60295
654 11952 75776
43949 76480 30923
19586 63189 81568
12988 85900 67058
65711 46384 51953
27490 62848 74746
63685 18792 84897
15225 22934 1536
91702 86132 94990
49238 22006 51673
10528 11477 67361
10778 11294 33379
24908 51624 16416
70089 85834 49928
90893 83158 31331
37740 33171 2809
46425 42616 13604
8501 78102 32206
53311 98518 29672
85737 48193 23646
59283 37597 34416
43118 26818 76389
14597 3346 68150
3863 44222 11712
8792 62834 60822
41456 11664 84894
13346 28407 64687
48926 86043 70680
72658 54521 98639
31681 24500 15255
82613 54062 59682
14216 75407 93932
48007 53990 12470
17492 81034 72066
34733 10355 16238
77166 53336 45730
52818 13267 26094
3722 74991 99340
35827 27438 53082
95227 54561 50185
94471 50303 97955
9108 68952 95073
82 73291 80053
51874 88815 12026
98230 17568 1956
43218 85962 36227
86666 55815 19273
7635 83842 4035
4676 51112 6933
2851 59318 5956
96523 37635 47054
6179 37777 38548
49747 24176 98821
18778 66388 40469
54952 11991 79217
34965 47412 43489
50071 83002 77431
93283 47713 30835
12914 29265 3343
56653 64318 13742
10588 34972 88814
5322 50351 37908
1562 11416 27111
56183 58318 64161
32963 98711 38079
19515 89344 20721
64900 94744 24798
86466 87371 61607
84068 84143 63939
20970 24397 87405
81126 86733 42588
24812 27997 50839
21580 92979 25233
67917 45682 66053
61676 55978 90260
26884 82783 97844
20453 44752 89351
31146 34473 72860
51813 60772 33049
34225 81499 30380
11034 21452 92335
7849 21810 62573
25784 50571 17572
23486 11566 5513
58089 1891 43915
73851 81692 18826
33717 26665 78017
1412 58634 15065
68766 87446 47058
24207 27693 95398
738 16435 25406
25327 57128 86773
53195 42662 96509
26784 71123 69283
15944 5123 99158
89062 34542 84158
58995 8580 12462
79864 71016 96119
93034 49208 30080
56817 80952 67981
97495 26674 31485
64968 15105 47488
96488 40555 62427
90282 16270 79792
58143 93463 42897
83667 6341 4182
89313 60654 83544
69765 20602 66487
83448 27197 78826
42564 74149 3903
23939 9410 3746
56053 81809 58243
78706 20124 19456
44821 26401 47209
24394 1134 52363
14253 72766 62431
27876 99284 18132
65041 71813 12022
93771 82146 36430
43155 48330 8371
91391 59984 77258
22805 17497 41679
20516 31830 5361
64287 27026 43105
47334 10399 30421
21568 47137 50046
61605 78920 93089
975 92352 61244
62228 11589 36610
60406 25788 83683
60696 22849 64725
49553 26799 77407
5861 17559 35353
15257 95456 90507
22456 69466 31022
73659 29286 84399
70138 53944 73503
48842 44433 55627
91284 71703 72526
39095 88800 9517
85212 13560 77261
97392 32094 5172
13686 71164 67331
94370 70025 12927
75296 72228 81066
30247 39954 23697
37321 85264 31580
90937 43310 34706
87191 63266 192
17595 55008 78978
22370 88126 57367
31868 8623 65298
8472 87644 18999
1538 98508 85575
64584 57213 43099
41403 30158 52263
58085 82408 45321
72215 46228 50128
38484 48766 24125
89928 8446 23235
68621 9571 17726
67865 42551 70223
58726 56840 14686
26255 59737 29596
36219 61706 25561
27297 54861 49963
98908 33208 76860
51045 28527 22937
50155 19807 40608
73401 52547 38574
69156 23257 78776
85844 95580 40171
29507 11588 32427
70806 2238 27998
29967 56526 94173
62371 83342 96259
11899 19111 96466
28418 88793 93224
85811 71831 92400
44934 53400 73479
97098 41340 2620
41006 56244 15642
37311 52206 56408
26267 89838 63361
44938 39862 22746
85374 35875 77138
44574 14794 45495
59111 33784 71376
46266 51445 34653
11395 30059 50326
86125 43291 84518
32576 28403 58255
89212 32488 42367
23557 34507 73592
21440 21338 71102
80531 2915 97918
60084 44125 2798
81241 29234 16838
97302 79732 59185
96249 29302 51704
28834 25573 12540
16083 33082 91665
45034 32458 71374
49702 56666 43344
4181 43523 34600
76528 5100 93518
93878 63679 42550
95716 59884 19045
73030 56395 358
68552 10562 71499
53622 75586 60121
33316 72432 88221
11476 13171 35727
27855 74680 46873
23919 59201 96750
29529 97447 90784
48552 45186 13030
10034 1859 81907
11823 96547 37643
34634 33811 55466
77282 58308 56978
80164 43881 15185
14115 84127 14489
72163 76118 3493
93879 56693 25690
2804 52866 49645
81990 59943 80692
63489 64287 92690
4294 29707 15796
84458 84049 45223
81200 66696 66662
80796 57723 72406
26676 79552 66335
63608 10744 80080
95370 90903 57395
90444 7345 32790
85983 97199 56537
5767 22560 61642
4555 49524 98458
23048 49519 53516
22404 6596 57597
55373 19321 85448
26283 14098 92489
32536 30420 63114
52851 35931 29289
41501 41690 33846
59061 48268 76198
37321 808 14426
21388 19882 80313
7925 26468 46767
11241 84542 33203
9056 67991 65874
65217 42023 84907
87140 94078 36332
67304 69446 86024
39912 26270 54196
44254 77496 31790
96788 76931 13489
74807 52911 40133
13228 66649 3051
1306 74797 90660
98329 42283 59542
90631 7244 4554
6173 8356 31456
49990 38090 22212
387 73019 84270
68290 46859 63068
99573 84101 88417
84660 50079 27075
62707 22087 31456
67749 30337 10932
13021 20225 54541
88993 8168 64241
44687 19650 32173
68473 79055 18670
38146 63777 90151
21698 18954 71366
93057 98224 59330
49151 12025 66185
50216 99934 26793
40148 74905 81142
65132 10221 6274
1174 41756 96573
88716 60769 40784
36977 74365 45660
11339 10550 86694
2845 50244 75659
94759 53589 53733
89913 76924 61164
97213 46819 72936
59641 57729 64135
36672 33748 4253
63074 43256 33934
41249 90784 82308
22267 18926 24375
74266 74016 3757
77742 88638 51479
66796 68472 42246
33519 26552 23129
18441 64245 58566
52510 41025 89179
74304 48781 90679
10889 29566 79086
64992 37023 42273
25121 4274 54027
61545 10511 36371
5306 1373 61815
47229 3846 9168
60332 62818 25913
52651 96551 50036
51499 93690 77389
88045 44029 71395
94064 57755 2060
25238 90209 817
10088 11964 2548
32030 83710 19674
51223 57002 444
53496 9818 38980
13380 80056 37956
73117 92719 68790
39445 50269 63372
4345 98570 42804
31749 49919 69242
44786 87057 448
23091 65244 10780
25740 50853 4466
94070 50348 87023
92057 21714 2945
94508 1375 40116
58776 85508 54300
10681 1571 41258
10308 54333 83641
60018 45265 89426
12439 32070 15593
13273 61144 47275
32868 9007 2571
84342 63603 52836
3236 22899 11029
13068 15878 59110
14329 75169 76158
38708 9345 78063
14865 67430 44703
4975 14009 71967
74695 57477 48776
91831 87966 9356
3812 17518 85522
66433 15382 85337
92565 20844 32605
94839 51080 88742
2370 9888 72916
94524 21378 24137
91664 62647 66180
69502 28363 33048
26092 6196 17049
67755 80189 12187
43849 3089 27695
74703 95284 11083
80226 81118 58632
98910 80247 40369
12013 64604 67218
92996 32416 91692
68752 31286 96168
2716 78038 28776
56557 18589 74555
35586 46834 28411
27995 84306 4064
52448 67722 12940
14260 38578 45936
66596 66677 88300
89131 46120 60938
91817 21773 79634
47407 7587 66764
81287 19533 9152
73219 91524 76384
71785 52254 23300
85882 16902 22475
45965 53775 64971
89418 20359 70417
95713 80689 14888
22210 86004 57279
26151 32405 4558
65893 60388 52262
43542 62550 30447
61768 32027 73645
67865 79890 47155
6188 49622 94840
5208 40646 69962
17010 51521 92200
79551 78401 54314
42037 25882 59993
12622 22621 51189
41314 95436 40095
18184 75406 59870
43173 57625 75489
27652 79010 79781
38563 69707 44008
51099 52073 62362
352 64681 19506
95985 84716 20270
76096 54937 7716
84301 63491 11948
2074 99019 53422
75963 16149 24854
85347 97479 61483
22850 6399 86299
64127 24657 89222
81852 73372 32672
11521 99622 66511
81498 61072 25467
63137 76118 79518
57374 30443 23248
35548 11589 20182
44408 45719 16682
40985 84218 8411
32194 24262 15846
11993 72146 55452
24298 18727 68513
32561 39941 81707
38910 57186 10388
51960 133 94438
94634 43736 847
88366 74155 57787
68252 40535 42246
34608 54085 90340
43207 56526 68421
25172 72123 51948
28164 24978 84944
24068 51981 12915
84472 68933 93203
78106 49774 32362
76205 40931 54715
79309 42111 1631
39151 33284 58346
30760 38185 54347
79510 89489 20733
4052 27133 84279
53797 55714 30033
58768 70883 95699
53335 12829 8692
27665 75704 23006
21955 46885 94373
57984 43741 72788
73940 5305 78557
42614 60869 92429
24063 46261 14368
81764 72912 11199
24855 28969 27750
73541 64483 62137
98567 44316 52569
66893 34055 77099
3435 89753 81629
44037 67524 64262
74295 38147 12866
92707 60347 48070
13237 41053 10265
93949 73932 197
80169 33198 54771
83822 14072 45146
74936 34840 10704
58783 58393 40469
73402 32951 71355
26598 71175 31306
3757 92418 90232
95969 48226 9884
13887 73543 49837
65778 49680 63098
70975 3285 24028
27346 26692 74612
7812 49582 11355
2389 41828 52653
53753 84782 89980
87844 70507 89865
99093 52735 59359
46698 93894 24435
85497 86610 2768
79987 79621 86359
22324 22595 94832
9791 11969 69846
20548 91317 30337
91660 310 52864
1369 64212 63833
11209 5589 27530
10128 53776 43357
88079 75908 48415
35230 59272 88644
5554 17735 96467
22446 49244 4384
16028 80628 33898
76733 51332 92791
13852 85709 19665
611 91592 63450
87257 21341 12231
5653 27901 97991
63560 29575 25976
43823 209 47309
70123 97264 19309
49602 32497 72616
28395 27064 15238
55968 13569 51166
14492 9092 96751
86086 72687 15365
94010 43366 57155
90937 33102 60270
16393 38509 48337
79086 49341 6615
77749 76047 52845
86464 19486 77753
81421 28646 14792
34033 52893 83713
4247 22615 36919
53791 67189 55888
13872 81235 52489
1614 53885 99992
90937 14015 46664
35608 7836 67075
14594 1949 27562
49542 79897 1323
25512 25420 60944
91954 7839 30861
20215 94252 61916
38818 9815 56778
71556 74060 44911
83354 27958 4604
87392 35760 67317
6408 6419 97267
67021 26887 19839
41764 92028 41606
15374 34696 61670
12848 24242 24038
94219 61787 32448
79419 58965 84291
12952 23984 47938
19061 60885 46188
77071 47959 55708
36424 70361 34951
85910 73167 29857
97927 34018 1289
2958 11044 55428
23997 97155 88442
73612 87485 99261
40686 45436 40077
74749 44399 16122
3784 42202 86533
64363 70543 45032
32155 2973 2405
31685 18162 67608
32271 39520 29601
44842 88636 85620
79503 26940 19288
61595 90538 84579
54816 80717 30328
23873 13015 5110
94173 27684 6583
17641 26179 2772
83884 30437 27901
52082 48086 65033
78430 37791 59101
20429 71326 56932
31216 75238 19849
69497 60349 85700
16719 26388 53899
50302 84226 48845
60082 32159 63834
68644 27594 13424
99015 80517 29411
3662 35744 38819
38586 60733 94997
42438 61070 65571
6050 3881 37866
86718 14670 7766
13866 28776 59480
29338 35203 1182
54058 9403 62067
85190 48783 77583
21540 73801 9245
68931 30038 7454
53853 29867 27936
658 39179 6053
90572 3789 2634
19894 8273 5629
82008 1689 18611
24492 83223 79887
62487 5632 10942
98457 33429 65760
96161 86684 17664
66072 41345 77689
30732 30079 50983
25733 43440 66444
93188 56317 82613
50568 58039 17726
33386 23066 75115
54974 58960 40993
16249 96253 31205
55284 56834 43172
69998 95062 32051
9162 91024 27179
40821 34640 14918
85352 21235 76643
19880 30472 23381
87258 38368 6256
46496 49348 54229
65470 93805 31220
56997 6918 17965
25717 45537 48378
16882 31812 91111
41568 16838 9313
61057 1428 57798
87763 62316 7812
5862 29283 28933
66406 35368 84452
92318 32127 60861
65208 80784 47214
49604 5102 39732
40837 48361 2985
78718 96421 9101
76220 95370 33930
60357 23475 18623
40034 4377 31617
12809 37081 10711
91873 40266 40454
69201 74142 25019
15682 38506 53369
56421 49375 81348
59125 60769 67990
18522 86104 24419
22998 37142 38155
48706 5719 88422
62420 24667 93478
92770 39621 77348
97177 31952 59789
96682 21126 36880
52954 67945 64006
93657 66629 78923
63806 88653 18962
16168 20832 64354
24147 7991 73301
97997 49937 69829
67127 10423 79938
79302 56408 46232
47115 7952 40253
80439 53628 3526
14959 79535 78646
57424 91278 271
81238 44535 82191
61060 82942 20513
17566 23613 99583
6473 65720 66975
42094 19452 88804
86111 58237 75854
99365 9297 75209
55769 36752 41252
74258 77874 73013
66221 31300 7816
88419 98168 14077
25694 36528 25557
63629 30480 47915
97608 67817 80380
99737 8606 7800
41799 75899 85530
81744 34923 28221
29142 25517 63942
44137 36768 39387
16163 50783 48328
21159 81171 49381
84454 81277 61567
88290 99914 66678
98469 28814 23870
87326 77094 42124
18390 23182 41143
13460 997 96169
20145 8799 22363
52977 98778 20219
4165 86830 94587
19453 83821 73650
2248 16512 13674
93813 62905 66334
35081 41513 34137
96250 69649 52406
99478 38408 33272
16248 92306 72111
72846 59635 84701
22290 50885 24997
53330 22039 54648
49585 56515 4730
14445 28926 20705
73664 15373 62124
19098 81861 66498
74484 20651 2128
87841 56958 11948
43843 98876 36131
144 99240 84389
65698 200 25108
78549 53288 72767
9524 69456 74529
35089 34766 62710
16889 59942 16243
73955 1523 71003
77790 24824 72872
70961 48504 31248
30597 38551 39162
28778 88411 73922
12131 83469 2957
24866 21573 51410
52070 70564 769
82455 10427 72727
69788 9919 44807
68410 94866 90542
91079 44199 27647
74262 37773 96195
91819 69398 57927
28974 36973 45209
80042 46872 92452
84906 67351 96829
23091 59321 81928
7693 42054 94957
69806 99404 48637
39559 94088 82586
6838 43389 15580
69548 19458 4188
22101 89071 23544
4480 15286 22008
69293 56776 21816
88266 23546 27250
19740 8933 39870
80960 95861 35931
36679 74363 29763
19239 6861 23287
35254 35408 23220
78467 76294 93838
11164 78723 14369
777 27852 80847
28804 63644 84632
79855 79130 57233
57865 2865 28860
80313 31889 7637
59223 34826 73988
54061 38411 28588
50958 75974 88805
97415 64981 46259
53556 95278 7123
91705 17602 81829
20100 72687 62316
2003 10812 90163
2900 57260 36036
13157 71888 69141
69327 27190 79269
69176 69626 8043
61330 97507 48617
6653 20851 86773
56856 31590 63664
29311 12375 39499
56516 77258 9776
19977 54709 44709
15893 48881 11902
90754 11311 55486
91104 63867 59810
89410 25017 33336
7145 7225 53619
78853 14481 75875
77842 32432 49612
94797 72647 83370
39574 281 70234
10568 68463 46455
56143 91032 84576
17626 58249 66897
