794
87377 77335 60726
9229 93915 68553
66544 71604 85466
86218 52064 50806
88574 46111 11515
96514 38641 79653
28942 55874 14924
33063 14942 84526
44288 45545 44245
9269 91073 45492
94111 87199 1908
44829 25914 1435
845 61150 88143
99585 53212 81727
16114 61725 83049
91442 7175 81360
85364 49865 1616
59123 45490 73131
35398 84644 64901
5818 55023 77482
35382 44752 98608
66081 42936 76465
48471 53952 62883
15852 9917 40954
88144 7688 56602
68932 67570 95373
92266 79527 64236
38980 7174 58431
8358 30421 56825
54106 11667 30074
4289 73834 38367
25935 97813 96404
54972 66196 88483
6878 45287 1078
93068 99707 2992
22051 71947 31257
95538 20842 46958
92812 25386 65203
65152 50440 38199
55766 33855 31788
35740 61419 41168
41961 45091 19924
16671 65662 67629
37385 84022 78508
73431 41541 41960
50828 16614 78748
71184 44789 5267
96624 50196 79305
94982 82645 35151
95394 73369 38886
93473 58009 11618
69361 60917 67347
56316 95296 49360
28836 51107 29137
39880 91802 13570
79932 21013 20336
5638 57006 83112
74578 1521 35305
22719 43439 84248
57541 91604 46712
32349 75306 68277
594 2650 43464
93869 33759 21176
60918 15010 77598
9174 7615 66890
15807 33225 66510
52691 73842 98276
58822 12509 98282
56928 49947 29139
13630 56063 68631
86974 60209 67341
59044 94099 54587
74333 93912 51030
12916 13873 7320
10377 15412 31963
24500 35570 59296
82074 61244 50361
23261 52084 48924
99720 48207 63397
45312 58316 80356
82828 47171 15206
75838 86085 16649
26572 53198 29170
82412 67717 17772
12117 46493 17944
60909 97013 18478
62684 75678 25398
7900 89977 94644
34957 46823 15473
33613 98034 11681
11586 43261 57301
65982 75009 9449
93141 30628 11004
83604 52782 64620
13252 20638 77206
16092 20430 90450
22671 28703 99846
17951 84521 99998
65055 30920 64053
12475 59808 46177
95213 43436 85877
92682 61074 13421
13664 9114 36877
9299 96157 90431
12155 44938 9917
15061 3097 59384
62250 53764 31520
19841 90275 60305
97117 34024 26467
23838 86647 51041
36469 29166 25362
22215 59690 87974
91269 15577 13512
28060 25075 38615
3705 27365 30224
21072 71222 77116
10274 32903 29918
11252 55298 54091
79115 12550 98923
35753 42618 88185
52180 36917 87294
63252 46859 51464
21387 13773 88949
64908 72938 85605
37695 9322 48764
75370 20185 69023
4545 86668 32330
10410 63410 30571
28273 69431 98529
2202 10132 73409
64506 85800 54621
45332 321 43434
84040 27848 40748
506 51425 18631
72538 97988 72339
86730 79728 26651
11435 96377 96540
36772 87021 29760
88515 15282 65115
90163 28938 98701
70407 32742 77326
70345 22925 33531
85531 10500 49063
39270 23283 55158
96643 12302 92261
81829 71655 49738
54043 23439 36711
59277 88229 79328
77350 32763 76725
70149 50685 42787
4096 96407 55821
77096 84796 35636
50727 1775 74192
65754 47277 19788
55973 12189 4615
93180 31039 99997
89820 26990 30876
30178 45357 16500
56969 45770 76548
86586 24814 70152
7268 84635 85976
22849 71420 73047
77140 91855 17083
28143 47246 69067
45597 40067 50339
29024 91831 96964
99171 34864 3165
10786 18434 38860
84058 44769 8758
75223 97553 94993
70443 81707 1140
93096 69802 47507
30863 71933 50146
30906 13971 6959
60353 36548 21341
69793 28283 27463
69607 86142 19882
79079 28880 19405
8689 33085 60041
82532 23990 24395
88157 33161 59138
34308 22176 80106
729 3704 11675
7379 23054 57847
55253 39712 19306
63290 68272 26647
8878 90960 39974
76096 23660 6775
80288 78392 12796
96960 12061 94246
78154 73550 35180
12360 78726 57609
66471 28424 8822
97023 97107 71750
93049 61078 80186
69510 83839 43799
62053 37275 92008
93582 41580 33194
89344 4144 45829
40085 78180 79036
47561 64848 69723
96219 43265 10621
38121 91157 65204
36886 78179 47402
8146 42849 26410
11646 58866 24781
29390 74229 58103
2301 99341 13389
88512 2522 57769
85741 6831 61734
82288 16994 95165
76879 12779 96682
61900 93458 14826
92157 11133 782
36696 58903 25297
25664 73600 56466
22621 31804 84633
15367 24056 44451
65943 49511 17477
98979 58187 4239
50381 30116 57139
85191 38495 65971
93033 82670 31052
66031 90815 75955
74712 49293 36640
20489 45861 81002
87282 56783 18048
13951 15428 80491
56739 95861 98170
34617 49989 29352
61522 8178 62583
66451 68999 95898
67382 13600 87530
48517 43301 9824
94702 3412 77825
66452 27423 86771
28935 33758 39859
87578 97087 11706
2342 23797 8030
90163 43495 50852
59670 60821 94016
3802 79445 12840
3818 5580 9715
90502 15437 13480
79662 84969 33078
35105 79895 80062
471 36505 56072
26769 62945 9367
51650 28072 82150
47149 37589 81753
60795 45253 11508
97146 76652 54165
12674 2495 75684
41538 31718 68891
1465 23430 44904
69865 71561 50371
90120 2574 76256
77437 54935 56039
35688 8250 55832
47523 88504 28730
86240 87970 969
28494 67354 94171
15314 54615 80378
32362 84503 81356
86353 69742 29060
41397 64953 62963
9650 77860 97445
85158 40943 81643
54503 16608 50388
82841 63598 5863
7816 20018 8994
62294 7776 11470
18407 60336 40272
30798 39678 42948
31139 31516 76825
7018 84450 50077
9331 96362 12875
61180 1829 30004
13605 95617 36371
38925 61001 69753
47960 63413 97242
95293 1033 91462
67779 14801 17809
8569 42789 80966
72981 90496 5772
49299 8251 69078
76437 6979 40659
21981 88472 14938
46412 60118 68726
19755 73066 5985
50242 30222 87390
67723 60905 57788
16405 33074 46158
83350 5170 27628
99399 26056 5721
55996 27567 47823
67418 44598 25590
15579 83111 50466
28484 25903 58574
39219 81245 73359
81431 93688 89426
77388 97107 40565
73614 59305 58943
74651 80382 41423
23365 36026 39198
13525 91045 73628
98957 83853 96670
31659 36867 78353
17491 61023 28593
78410 5157 41135
782 74759 3556
40852 67152 8876
14486 55059 47678
45434 42103 25289
91711 89213 93776
38286 82635 3913
78193 38215 83761
42452 93012 86166
56623 79920 44762
19997 83650 83905
43381 24794 28555
34194 49224 7682
36134 5536 57936
68088 50109 92336
53358 49303 4151
84411 23818 79377
33092 66469 10219
97825 59851 80221
16908 27485 14498
78903 48744 69268
43698 39953 63709
7680 97005 21437
4050 79726 49189
24849 81506 99788
34807 69400 40822
47723 11245 57045
52810 61089 5091
96897 30216 16175
66746 27241 74988
70961 26785 23987
54021 87132 52362
34654 73120 18085
38960 4763 32690
59561 11955 82530
44089 27380 32045
91756 19595 75775
16298 6131 32985
57265 79153 56745
78466 20238 97865
33455 41970 45829
88719 4808 93370
14978 36236 16401
48846 37925 33951
74737 10743 83132
40213 16286 96339
75192 82233 67073
76185 89071 10093
96881 1080 12447
13997 8068 38890
79975 92111 16218
13337 19458 57250
88205 53581 93898
16086 31848 79269
84219 3487 85888
7874 60540 84583
56610 34609 57585
98410 30130 23638
61888 90050 24359
57383 17764 39340
41296 76937 70580
83987 62144 31262
96490 47690 64647
67569 14132 69810
16123 30035 9307
9271 19118 39112
59797 34472 83830
8962 89389 39320
40006 57117 55860
99636 80922 75703
31208 33060 59568
41580 17409 11816
47655 80470 17308
56582 46244 47320
39683 45472 43328
23257 24372 27385
13605 32358 27567
179 23959 54148
73431 98993 71699
32823 58450 47769
9134 87984 56628
53455 7924 59524
1818 35817 35261
47542 24055 51871
59466 76243 92866
87299 71987 66366
76738 44988 95091
84482 63411 22301
57774 35134 60188
28834 86582 42695
38811 74449 79535
16768 65227 88490
30458 55941 1369
42223 20993 13126
70000 61376 57970
31763 27460 73074
43431 97625 66116
18635 12709 3685
43229 20265 41664
56468 54261 13103
52193 37106 36774
19479 76275 72843
6724 325 3554
4016 42027 73169
89671 96861 27758
59054 17232 7414
92823 79743 16823
2684 37485 20000
72903 47414 26093
59853 22986 40235
39768 63835 78738
52234 91100 90731
3130 99945 16512
73021 95862 8718
59281 32990 55142
52171 81356 26227
3979 87374 1384
19648 96751 20447
82859 90499 74740
66936 15571 61671
47662 70677 93731
21540 93362 58638
925 68938 75251
25633 624 84029
98432 55443 41698
50239 97354 86149
36776 18735 29320
1925 31630 77056
73070 22140 19968
11344 86408 25334
59059 15743 96993
26507 98711 8902
18519 48128 95580
69416 4654 90639
2787 74544 94388
10873 96242 53516
14725 7933 44243
57279 49411 52836
86030 652 62793
75383 77458 64144
48511 45377 64843
91899 73543 45262
73790 46112 174
16270 9991 66492
36367 16852 6120
30965 38300 69921
38958 30607 92025
60284 56709 97673
70637 4312 88722
39422 44214 89975
197 58988 28535
94179 81418 95048
90186 82745 35152
34793 29400 2673
92452 95383 35108
20409 65226 24259
28032 66592 9793
70220 50125 95904
92325 59528 61866
44034 20883 12439
68245 85743 76838
4427 32077 85225
55922 33632 68197
90805 16036 85064
96412 69894 45126
2135 97968 69168
18958 56184 48379
25219 16586 57688
1019 84956 23788
21066 40320 33966
43114 8832 88652
77839 63569 9935
43445 91201 98802
51087 61424 27326
32267 7003 69133
81781 49571 39230
88119 88485 89653
72057 36736 8416
56235 77214 26578
82265 62665 10019
99237 67026 83261
22099 36642 33536
9539 14041 96670
4380 38960 85752
29339 93290 31635
72179 48994 16438
95677 92 98664
36348 29614 54533
35148 41697 51182
66757 819 27837
17484 28996 93608
607 2944 64153
10098 84600 42066
91626 73147 58717
26889 19166 30598
41033 30548 35769
87262 5730 22611
1409 56242 31055
99995 70932 72848
65095 33636 76528
76548 87525 95394
94883 37355 79814
70803 4057 7581
96862 89532 31474
9626 88382 37294
13442 54252 65571
26359 32127 64928
79411 55444 12855
71720 50796 35415
98208 54603 72564
81220 12710 81071
65823 71426 67141
54195 82580 67328
29674 8689 14683
47133 84673 86016
36487 60738 43929
94170 95985 26219
45850 9631 8162
62663 66104 9093
71680 78215 46729
25675 70303 53877
39610 81139 90067
78805 77061 49599
27932 97587 47216
49765 72222 27880
53419 30244 51995
74366 84256 43712
65272 41880 94049
2049 27160 30529
9974 86040 18599
80352 18984 74653
55421 2313 51193
2700 59403 31147
20106 47447 23929
90976 5696 38464
2533 28853 35546
57117 74633 91471
70013 73866 66533
85668 2148 18221
94854 12567 34041
54408 43412 69739
80127 95501 9154
37155 17686 34657
32562 51587 84340
68495 68580 56604
35841 72305 93339
38033 78372 86222
1045 18298 45030
31591 42508 77369
23561 33568 28176
66817 68286 28781
24046 18711 74035
30074 46942 88701
7966 46090 40654
22542 79153 32145
12926 278 50270
75583 18633 22569
92638 59794 54852
2511 16527 83452
55906 18745 95861
477 82978 30120
34012 92051 74362
26262 68646 50349
74828 40724 48350
29426 91904 92737
37258 78901 96256
76193 12243 52612
93250 82488 76231
45844 95522 46520
55365 49379 93670
23692 16962 92367
2990 25876 70068
19817 86351 24376
89691 81737 6148
76856 35324 42712
44432 1379 92624
97576 29295 13254
68839 85144 21990
78174 61274 93810
11313 77342 75456
33138 4456 23192
99836 37770 80142
20310 61271 71959
76852 82654 303
64645 42841 18610
59364 3739 97622
58042 36587 46269
97051 19971 51556
36809 6939 54148
61652 63293 82210
47666 88715 97141
52885 4623 44483
65822 63811 90958
6242 23657 94175
21372 23992 76225
62739 48639 60356
99220 72171 58914
85355 92346 25269
1222 20693 15455
74625 68443 18650
41648 95606 83598
19726 42891 52648
71301 65629 56617
17068 11991 38595
71797 77909 70639
30017 11572 34421
56193 20413 33566
75857 45886 23949
42277 27085 10478
49089 15803 19180
8681 22963 19246
92625 85246 80210
2453 26862 43163
69913 80095 36426
10026 42504 22772
70588 72746 80548
64757 26356 56304
17376 17165 43991
79455 25161 14142
80386 13481 16892
79505 32679 36923
19321 31263 3315
27868 58397 32498
78005 34060 81775
69638 68849 24027
76282 32534 44358
77623 11431 91317
27207 61285 56075
10512 92990 54160
67998 62779 18481
31406 46456 82802
83742 78210 9678
57532 7917 14502
93751 69740 87345
89537 42866 25011
72406 95871 78437
77132 33037 30033
43625 61684 86068
30786 1337 9947
33832 82417 97073
66582 45823 61402
40543 14218 3255
37739 72887 87665
94111 16331 69776
4791 65741 19116
93206 25019 15404
78366 10405 64816
68563 1735 7365
1729 90885 56691
68487 63331 77560
12543 89799 61048
8265 24036 33698
33673 55418 40884
85385 11620 55600
96311 57416 97378
57307 44501 66576
25748 72411 95861
68606 81808 13817
72424 99065 46182
85204 41059 47264
77937 64347 51963
26730 66060 82993
56621 60104 71220
26262 9411 84085
37763 9846 16710
25517 24205 33743
20083 12421 50334
46431 1900 76575
96399 40719 51898
69489 5258 19404
68207 82705 26890
17049 10677 70126
83032 28160 19792
81710 10476 96466
5691 77704 72857
5397 65529 3939
820 2102 22149
93520 70470 17892
15215 85436 57676
73343 21316 67599
44925 4701 86744
56985 30261 97328
68599 64651 43829
28916 9616 76763
36065 48525 84130
11694 97307 87620
84510 80454 16224
2673 34552 4072
83121 18871 55391
86306 77620 19457
77780 92174 7109
51088 34242 28726
47903 12504 94524
57997 89825 89655
42304 62038 9567
43432 40455 62502
53592 73476 90442
23917 29489 27001
30887 89237 62720
78072 50520 72648
19588 67061 14473
51935 48951 36242
77941 39180 77885
7935 97582 88621
38273 2103 39200
84474 182 45556
82994 18429 64664
62300 76994 51315
47064 64070 92021
36578 2912 79858
11529 42824 37603
38850 8511 62640
8789 83610 56689
8771 21613 43746
62655 47299 92942
53195 82390 32598
24844 18364 8967
22850 95021 24666
99452 41418 37451
55382 46069 33183
14534 82566 71020
47587 42185 30584
80303 34565 57731
98930 4279 66155
33496 40969 80861
89687 68813 76463
63255 86463 67252
16112 60505 80244
64114 48013 62044
6815 53344 9204
75776 57341 36950
38873 47525 7083
40146 43638 20922
79217 32190 21502
5502 72256 32554
42632 39059 32871
9339 41777 22046
63592 24955 38294
22748 53347 35023
7484 14488 66400
73152 14459 34267
16893 12237 69660
59361 99100 17966
90363 5806 45741
16330 30282 42001
44503 69352 55973
64152 26400 521
72171 79331 2408
33570 94262 67973
72602 3268 87308
39380 33855 1962
93201 81636 99014
18698 17945 67456
57438 27708 86680
13536 4867 93031
77584 59504 3496
89065 65473 30661
9571 82985 10044
94170 28754 39520
37368 90415 50612
33510 6759 32461
39168 99575 95741
95243 47784 22863
97543 83722 94594
34247 27267 97926
81440 84984 34653
90494 64553 57369
32592 29416 19668
19753 57908 52789
85072 67153 95706
74181 26253 17039
67956 53590 82539
43612 21168 20823
51205 55298 90554
27592 86491 53507
1130 20012 62418
89996 63541 33811
99111 61035 68853
12194 53976 63003
18212 27205 26405
95655 81986 39417
6958 60742 1417
21582 61138 86149
67615 80435 82576
24564 53024 91107
