1000
25 15 38
172 132 45
297 256 37
336 372 314
442 460 241
568 510 504
648 635 258
721 785 687
806 834 120
938 934 236
1066 1045 497
1179 1107 184
1232 1244 635
1364 1338 1236
1477 1472 274
1535 1593 16
1645 1663 519
1794 1739 1591
1856 1839 68
1963 1991 346
2002 2008 1844
2132 2127 1860
2204 2240 1371
2310 2383 1529
2493 2440 2089
2516 2506 1490
2629 2678 2179
2792 2780 612
2824 2800 2058
2926 2991 2352
3027 3044 417
3162 3108 1701
3266 3225 2035
3349 3354 2520
3450 3444 2791
3533 3521 601
3612 3639 2739
3711 3763 1645
3872 3833 1813
3977 3953 3732
4008 4094 965
4123 4168 524
4201 4203 3917
4336 4383 2979
4471 4476 2441
4523 4529 1690
4695 4658 1235
4754 4738 3731
4863 4806 1771
4914 4953 4548
5085 5007 2658
5155 5140 1784
5257 5272 1618
5322 5398 1900
5409 5480 2936
5531 5585 5573
5629 5691 4093
5717 5799 3574
5811 5818 2306
5983 5929 5140
6045 6026 321
6153 6147 2892
6268 6230 2978
6312 6335 3780
6457 6464 74
6549 6538 3192
6691 6626 310
6723 6751 4290
6850 6841 1097
6991 6909 2149
7041 7026 3898
7120 7147 2348
7206 7201 5874
7330 7393 3062
7487 7476 3859
7563 7591 4057
7672 7605 3428
7712 7799 566
7807 7864 4186
7902 7913 5291
8010 8085 1651
8116 8156 6091
8209 8284 908
8385 8385 4508
8441 8498 4223
8533 8524 3637
8638 8644 8427
8736 8789 6034
8876 8841 136
8938 8954 1384
9080 9058 8994
9176 9175 3067
9275 9289 413
9345 9393 4583
9419 9498 3563
9511 9585 5250
9669 9681 7417
9751 9758 2935
9823 9857 9301
9999 9921 3699
10004 10020 131
10133 10115 4664
10272 10208 555
10316 10306 5787
10418 10498 7311
10533 10589 5849
10696 10626 7764
10706 10792 556
10855 10871 6066
10943 10979 10196
11030 11030 4764
11134 11157 5214
11206 11281 5466
11317 11330 11061
11408 11477 2869
11510 11599 2205
11672 11611 8090
11737 11740 11577
11877 11832 9966
11978 11908 10573
12035 12073 10819
12174 12142 3460
12250 12272 2067
12334 12308 11532
12495 12402 2627
12534 12513 12224
12678 12680 1110
12789 12715 3899
12885 12831 11454
12935 12965 12447
13066 13060 2115
13140 13101 12309
13264 13297 11609
13313 13310 9815
13410 13488 1908
13554 13576 1738
13680 13665 13626
13764 13765 6223
13866 13810 12671
13984 13936 9642
14077 14017 4502
14121 14140 12348
14286 14290 2330
14394 14399 9324
14449 14433 8880
14552 14565 3874
14637 14638 12500
14744 14759 4483
14892 14802 14088
14917 14970 1252
15072 15037 6605
15184 15124 10482
15267 15262 6111
15331 15367 9110
15444 15445 4318
15538 15561 2175
15609 15673 11606
15759 15786 12276
15820 15886 3957
15995 15942 5395
16036 16052 14711
16179 16135 2585
16298 16201 10808
16308 16338 8111
16406 16483 5460
16510 16507 7128
16619 16608 1892
16710 16769 16081
16835 16816 15363
16999 16931 13773
17035 17008 4436
17172 17195 9100
17214 17210 3515
17375 17358 10777
17491 17482 6314
17535 17589 16551
17693 17681 13719
17761 17753 11325
17881 17831 16373
17995 17996 4330
18014 18015 12429
18164 18125 15499
18257 18219 1642
18342 18312 10703
18412 18425 6419
18510 18545 15285
18675 18698 16929
18797 18763 10077
18831 18872 8371
18992 18934 12622
19059 19075 11997
19196 19179 5882
19220 19222 3410
19351 19352 1178
19408 19427 5668
19535 19598 17744
19680 19619 4197
19768 19711 9714
19865 19885 4114
19928 19929 7098
20057 20081 10336
20178 20102 6547
20266 20257 19460
20367 20358 19782
20425 20478 9210
20523 20532 4179
20629 20643 15273
20753 20774 18715
20817 20899 14591
20935 20978 7275
21027 21022 20776
21109 21169 10131
21258 21233 17954
21334 21372 6154
21459 21486 14414
21506 21559 6946
21686 21642 1951
21712 21708 3533
21829 21842 10642
21973 21986 944
22062 22077 10737
22101 22113 2630
22254 22210 3198
22347 22337 18850
22441 22497 4051
22596 22592 894
22635 22643 9100
22736 22774 22054
22855 22801 6086
22915 22946 36
23026 23019 9341
23129 23107 9299
23291 23262 21642
23345 23320 21387
23494 23465 12008
23562 23502 18239
23619 23629 14599
23730 23750 11548
23842 23889 6774
23905 23991 20173
24032 24011 2889
24172 24162 3308
24256 24228 19920
24300 24393 8230
24494 24429 16764
24584 24510 13004
24603 24693 9132
24711 24782 11355
24873 24841 9033
24938 24989 22666
25006 25006 5474
25181 25151 981
25216 25221 12051
25306 25383 21678
25414 25456 21189
25570 25585 201
25666 25631 1766
25769 25708 16049
25836 25850 10878
25976 25916 22656
26061 26087 8831
26142 26168 19410
26231 26213 13426
26330 26311 13935
26490 26416 7223
26500 26580 13960
26605 26637 22702
26797 26703 19218
26887 26850 4786
26944 26950 10742
27005 27077 4078
27176 27129 25687
27219 27235 12334
27333 27380 6455
27413 27498 17048
27569 27543 6006
27606 27602 23252
27751 27772 22713
27864 27852 5005
27948 27912 19535
28090 28083 25387
28173 28121 14420
28234 28227 7300
28397 28365 10342
28427 28467 9604
28545 28546 2767
28634 28620 21121
28727 28732 27617
28866 28853 23904
28976 28987 19832
29071 29035 3933
29190 29124 17245
29267 29267 14434
29337 29361 20382
29415 29408 5010
29566 29559 9899
29614 29612 17462
29782 29730 277
29886 29800 13487
29973 29984 25674
30098 30076 2913
30198 30111 13115
30229 30237 1277
30396 30325 8811
30486 30474 24389
30531 30519 24238
30619 30604 10240
30736 30765 19236
30870 30816 30488
30950 30943 15031
31092 31027 3402
31116 31101 24334
31282 31280 19594
31399 31306 14078
31439 31492 25391
31554 31530 18833
31696 31633 21684
31763 31772 7193
31898 31884 24363
31987 31968 15234
32064 32028 27467
32173 32165 4643
32200 32230 22058
32345 32347 1881
32460 32412 16030
32579 32502 8048
32688 32669 29914
32758 32746 1074
32888 32863 29629
32945 32980 3331
33098 33034 5271
33150 33143 323
33240 33236 30462
33370 33317 13171
33477 33447 5549
33510 33574 27885
33672 33698 19611
33756 33725 26514
33877 33880 29523
33949 33902 3346
34079 34004 14135
34139 34150 24075
34203 34208 3208
34317 34330 6479
34456 34414 29931
34581 34586 29913
34695 34632 249
34718 34741 7900
34898 34880 18766
34927 34930 26155
35081 35055 17154
35187 35145 29
35269 35289 3685
35305 35338 32525
35459 35410 24710
35529 35503 8102
35608 35617 8826
35769 35748 18548
35852 35886 14124
35980 35905 8596
36052 36015 2097
36193 36133 14987
36262 36245 11342
36397 36308 35084
36453 36411 5453
36506 36591 21343
36630 36673 15393
36737 36760 10100
36858 36867 36777
36916 36901 19562
37039 37090 5205
37154 37193 21676
37296 37271 12418
37347 37361 16971
37413 37410 33102
37590 37542 173
37652 37673 5447
37798 37785 27390
37854 37897 27946
37906 37943 20184
38053 38089 3312
38128 38155 7904
38237 38228 34561
38354 38362 20980
38427 38432 5729
38510 38568 26884
38676 38698 11527
38748 38768 6904
38898 38864 18205
38908 38922 28548
39030 39039 2114
39171 39188 1446
39233 39240 30849
39330 39380 35955
39483 39467 9993
39540 39503 16790
39690 39664 14235
39727 39780 69
39899 39806 3498
39935 39980 4105
40044 40004 4533
40145 40174 32461
40286 40259 1427
40347 40388 8131
40440 40492 13296
40582 40502 22924
40623 40615 22246
40798 40702 13044
40854 40812 16049
40999 40917 27415
41031 41003 27913
41115 41113 3032
41204 41260 20258
41373 41341 35940
41427 41453 27160
41572 41512 2297
41605 41677 36869
41747 41710 25268
41812 41853 1938
41955 41995 38488
42054 42040 13626
42185 42125 3951
42265 42225 22693
42331 42334 28921
42411 42462 6991
42552 42549 22707
42664 42629 39659
42792 42742 5424
42805 42855 7770
42950 42936 38317
43023 43042 12753
43180 43150 13443
43280 43249 49
43335 43364 19621
43449 43421 4929
43592 43523 1387
43670 43661 39088
43772 43790 36899
43835 43895 26262
43934 43940 43873
44043 44030 7765
44172 44154 17
44225 44209 31911
44387 44397 40976
44428 44482 23488
44573 44571 3664
44672 44646 29199
44784 44726 4263
44855 44802 32088
44944 44949 41677
45090 45047 33814
45182 45193 13614
45256 45245 3373
45368 45388 12337
45486 45411 9425
45595 45522 27503
45655 45698 2378
45751 45711 28824
45834 45885 24213
45995 45994 30050
46059 46002 4101
46110 46159 42783
46260 46234 41611
46349 46325 8934
46452 46431 13742
46571 46517 21061
46672 46666 34353
46718 46782 5828
46823 46872 24399
46917 46945 12827
47085 47092 28815
47140 47134 39360
47294 47210 25328
47303 47383 27893
47414 47450 16318
47574 47573 23932
47656 47660 46398
47776 47707 3344
47801 47832 45771
47949 47932 44683
48008 48090 5710
48194 48185 28190
48244 48251 14402
48396 48335 26118
48485 48444 21121
48510 48545 29633
48603 48647 13817
48799 48728 22134
48864 48886 45179
48933 48973 36786
49076 49023 20681
49110 49124 43961
49226 49240 14639
49369 49376 419
49441 49412 27729
49589 49589 3237
49628 49601 47673
49787 49796 22541
49843 49832 4763
49949 49950 39139
50043 50098 21854
50122 50109 43207
50278 50267 37879
50319 50337 19513
50404 50449 23773
50576 50500 30955
50621 50641 36941
50711 50751 7556
50891 50849 9412
50904 50950 48632
51086 51071 47937
51155 51106 39231
51283 51272 32090
51392 51331 43809
51403 51485 30082
51520 51507 26746
51665 51619 45626
51784 51799 28059
51810 51829 16091
51908 51985 37230
52086 52036 15263
52118 52178 23687
52262 52263 20378
52366 52328 3483
52421 52457 30919
52596 52523 28026
52654 52663 1898
52742 52796 48701
52800 52821 4833
52941 52994 1601
53085 53093 28539
53192 53163 14155
53291 53281 44191
53344 53361 16830
53410 53476 49603
53512 53511 49358
53616 53621 18428
53725 53700 34119
53865 53833 8425
53918 53961 11144
54054 54036 13695
54169 54112 51250
54281 54266 20722
54367 54323 1357
54465 54488 30570
54512 54539 35605
54687 54606 39140
54782 54729 3515
54816 54856 31883
54991 54942 13855
55091 55062 41666
55166 55199 27618
55257 55295 8200
55312 55367 9333
55438 55469 32144
55532 55557 37348
55614 55662 43109
55757 55785 24851
55896 55871 15604
55938 55961 49810
56042 56010 51591
56196 56182 7740
56255 56220 33945
56301 56320 4695
56443 56435 26578
56575 56516 44886
56613 56635 26610
56743 56796 25321
56835 56817 56115
56943 56962 4256
57054 57061 48154
57152 57155 8219
57202 57218 34431
57318 57314 5909
57413 57495 37189
57591 57516 40057
57616 57636 32518
57763 57723 31587
57806 57899 52668
57966 57954 1067
58030 58045 1392
58138 58183 6870
58287 58287 36598
58339 58336 4109
58454 58438 8065
58543 58552 54079
58611 58627 198
58793 58757 12704
58845 58854 12962
58956 58990 30591
59047 59007 40426
59113 59103 16763
59229 59258 4766
59389 59329 45879
59457 59471 30148
59512 59593 12874
59691 59699 11248
59724 59741 58384
59889 59842 54906
59936 59953 28602
60095 60084 27685
60149 60195 39319
60288 60298 16903
60354 60306 31683
60418 60425 24140
60512 60538 16619
60667 60663 24364
60775 60731 36147
60814 60878 55081
60964 60936 50612
61017 61025 33111
61191 61122 56874
61295 61224 6425
61382 61350 60778
61457 61411 16390
61514 61572 51319
61693 61696 15976
61779 61758 30034
61859 61810 37839
61991 61969 2088
62000 62020 11042
62140 62147 20757
62227 62222 45573
62330 62313 47579
62449 62491 38762
62504 62519 50944
62680 62651 58852
62747 62776 38274
62846 62844 40067
62945 62981 46991
63021 63037 47284
63138 63136 50951
63230 63299 37506
63379 63383 23711
63425 63468 20334
63581 63586 24963
63607 63651 22449
63714 63797 27721
63832 63878 15557
63928 63995 27717
64024 64035 19609
64153 64166 26017
64212 64293 31022
64374 64314 43701
64461 64414 48709
64511 64549 29897
64685 64632 20672
64768 64758 5361
64844 64832 19825
64900 64933 3492
65028 65011 12168
65196 65195 7926
65234 65251 63440
65304 65361 56173
65420 65436 4587
65543 65570 19269
65672 65695 26010
65787 65759 25150
65885 65880 58501
65949 65922 43404
66023 66038 39535
66197 66171 66018
66219 66280 64
66324 66321 46790
66494 66470 29387
66511 66593 58240
66695 66608 42177
66709 66706 6915
66813 66803 24731
66995 66976 58463
67045 67094 3192
67126 67152 22285
67201 67242 61565
67305 67367 38984
67493 67458 37576
67549 67538 43676
67679 67697 29138
67762 67793 12089
67874 67804 6050
67986 67977 29336
68080 68046 2276
68100 68104 42397
68212 68290 52037
68309 68398 7393
68482 68463 49729
68584 68543 43680
68666 68626 20093
68740 68750 57246
68837 68849 25257
68986 68910 28002
69049 69084 14472
69150 69156 42758
69231 69231 12580
69307 69380 4630
69467 69427 61464
69548 69560 22537
69617 69677 30631
69719 69782 35743
69897 69841 49805
69950 69914 61923
70069 70039 69216
70154 70167 35397
70265 70255 64752
70338 70379 53955
70477 70409 57659
70508 70508 69364
70669 70632 60364
70796 70781 42002
70814 70860 22579
70967 70951 8362
71027 71031 17060
71153 71180 61983
71279 71236 64290
71359 71356 61152
71449 71445 61448
71574 71585 65731
71635 71623 40482
71703 71793 24476
71806 71833 2080
71906 71906 50340
72028 72012 60754
72154 72145 57521
72228 72233 53698
72312 72367 22738
72401 72460 7145
72500 72527 71223
72683 72619 69105
72776 72751 11764
72819 72836 41019
72941 72903 5584
73058 73020 25385
73186 73152 33485
73274 73253 14397
73330 73393 6291
73427 73463 44545
73574 73557 30748
73628 73643 5205
73710 73764 269
73891 73882 26353
73906 73957 21412
74022 74074 41878
74171 74126 4401
74296 74217 7074
74387 74334 138
74425 74437 28867
74597 74552 53397
74642 74659 48949
74768 74778 2809
74817 74876 1356
74970 74993 16358
75036 75082 44482
75114 75115 11667
75277 75279 32399
75315 75366 62409
75457 75470 60083
75564 75513 27039
75661 75666 69930
75747 75716 21605
75857 75843 72865
75926 75910 45489
76004 76078 14477
76191 76102 42026
76257 76207 52088
76326 76300 11902
76444 76458 28470
76586 76576 30226
76678 76688 56450
76749 76700 18108
76818 76882 757
76943 76999 38014
77093 77032 40029
77191 77122 37630
77259 77233 18474
77388 77342 2037
77485 77497 39318
77535 77585 48565
77686 77607 42763
77730 77784 8755
77844 77875 68531
77982 77915 22974
78039 78050 72100
78180 78119 74880
78275 78260 31139
78371 78378 37607
78431 78486 38334
78580 78509 12315
78653 78634 18237
78723 78718 63366
78823 78806 59551
78935 78949 34286
79013 79009 37935
79110 79193 59021
79290 79272 11078
79342 79349 52781
79449 79487 59796
79580 79553 41274
79610 79605 77301
79739 79791 77411
79855 79855 25098
79909 79934 37161
80069 80013 5154
80172 80108 56833
80287 80203 36636
80396 80323 33582
80454 80470 3431
80515 80560 50027
80662 80640 76079
80719 80736 60744
80871 80805 795
80958 80913 3356
81075 81016 66976
81156 81183 27679
81279 81288 62499
81361 81303 75909
81414 81488 32822
81551 81569 40294
81684 81641 58249
81701 81713 16496
81899 81877 16390
81977 81966 9967
82005 82078 35481
82181 82173 67955
82209 82229 76691
82352 82330 60537
82421 82412 7577
82594 82560 19722
82611 82621 70664
82700 82772 4191
82808 82862 82637
82985 82992 35680
83099 83085 9490
83160 83121 37269
83249 83212 48215
83326 83318 49104
83495 83465 81332
83554 83519 70173
83648 83675 23174
83743 83752 83241
83846 83894 39955
83960 83987 30540
84098 84065 6392
84148 84102 82517
84265 84252 14447
84368 84300 72528
84471 84469 67970
84525 84559 76266
84649 84662 3755
84773 84750 54402
84862 84891 76089
84972 84943 72211
85023 85052 2305
85110 85168 12588
85283 85216 26119
85351 85361 65174
85465 85448 1995
85573 85524 79417
85669 85678 85685
85726 85729 17617
85892 85818 41389
85961 85911 27668
86049 86033 27045
86195 86167 6239
86201 86279 62559
86337 86379 85662
86440 86499 64383
86570 86584 5447
86641 86617 57384
86779 86758 56884
86877 86826 2752
86919 86968 18714
87026 87025 51887
87122 87182 36771
87253 87206 57805
87330 87381 11038
87403 87410 46645
87597 87542 70663
87677 87681 85122
87756 87742 17734
87826 87824 55228
87911 87953 21078
88045 88016 5449
88123 88139 17478
88257 88229 18269
88310 88367 35242
88449 88405 26646
88577 88597 65800
88642 88678 52874
88710 88788 35745
88860 88835 56459
88963 88944 55565
89007 89090 26556
89178 89147 16500
89243 89200 65837
89333 89337 78273
89483 89418 30329
89556 89583 41363
89659 89649 75540
89771 89790 1678
89895 89873 70188
89971 89977 15368
90010 90000 64191
90183 90162 50478
90245 90240 50262
90337 90376 77938
90436 90460 70501
90550 90512 23891
90689 90649 21857
90701 90753 56018
90841 90887 7089
90920 90982 50048
91012 91093 46531
91188 91118 16569
91296 91282 58898
91330 91325 15140
91481 91413 3032
91594 91530 45696
91657 91663 21924
91723 91779 66638
91886 91829 49858
91935 91979 9881
92088 92013 4699
92127 92153 15598
92292 92258 4419
92385 92380 30232
92405 92433 54907
92520 92598 66097
92642 92637 74508
92709 92757 10145
92861 92884 56083
92904 92966 38297
93003 93061 48531
93159 93187 70881
93219 93232 8133
93397 93343 73804
93454 93442 38005
93512 93571 55430
93602 93653 36433
93719 93715 70626
93807 93809 3427
93918 93922 75798
94041 94088 85458
94129 94111 40358
94286 94216 51391
94304 94366 12010
94488 94427 39173
94549 94538 70273
94693 94603 62367
94746 94773 64925
94832 94843 66756
94949 94912 91482
95022 95027 71113
95103 95170 88520
95237 95216 81491
95331 95327 55625
95498 95450 9265
95503 95589 84609
95633 95641 9912
95749 95796 3619
95827 95848 90155
95954 95980 26552
96060 96047 55942
96112 96121 93510
96285 96201 83223
96387 96319 56240
96451 96409 40557
96533 96512 20041
96631 96612 8556
96781 96749 29169
96843 96805 92266
96913 96937 50899
97056 97097 85251
97122 97186 43673
97223 97253 53993
97399 97377 85297
97436 97475 75137
97518 97539 39263
97655 97674 63792
97798 97728 87209
97856 97895 4992
97903 97924 41926
98091 98063 42793
98128 98195 6572
98215 98295 48194
98300 98355 1279
98427 98402 88308
98559 98587 35288
98645 98694 14880
98736 98755 82757
98861 98836 34191
98963 98942 96034
99057 99096 70963
99137 99106 34922
99202 99264 28766
99308 99353 42009
99401 99418 88250
99501 99557 78341
99699 99630 88836
99785 99757 68418
99849 99894 17917
99980 99982 75307
