1000
6 1 78
163 182 75
283 237 144
308 307 216
406 404 489
565 567 75
685 635 594
730 727 117
895 899 302
965 915 105
1044 1040 1084
1136 1139 895
1252 1210 683
1361 1322 754
1462 1458 672
1564 1545 943
1694 1669 1437
1747 1788 1115
1884 1846 956
1956 1962 1390
2002 2077 232
2161 2182 1802
2200 2245 149
2394 2305 94
2417 2458 2059
2542 2567 264
2634 2652 1489
2705 2799 1148
2813 2875 82
2907 2985 624
3041 3042 104
3191 3167 380
3264 3266 2175
3388 3367 1358
3412 3455 2253
3539 3544 3478
3635 3600 1996
3795 3785 1989
3824 3854 168
3970 3932 3079
4075 4074 1624
4152 4163 2672
4240 4226 3757
4364 4353 307
4435 4427 4211
4502 4581 1320
4685 4610 2026
4705 4730 3284
4847 4883 4465
4946 4906 2566
5059 5039 1721
5107 5128 2013
5261 5292 2142
5312 5330 3789
5492 5428 3971
5528 5544 3614
5604 5618 2822
5777 5788 4419
5863 5859 4132
5925 5902 5878
6017 6012 5727
6173 6187 3032
6271 6217 2046
6338 6304 375
6474 6438 386
6519 6595 3357
6659 6661 3921
6712 6779 1957
6839 6833 2801
6965 6902 5798
7099 7046 2649
7147 7183 6879
7221 7249 7148
7357 7354 6207
7457 7441 1764
7525 7533 5004
7601 7633 829
7722 7700 5232
7812 7851 7732
7918 7963 5086
8085 8055 228
8119 8116 2379
8237 8254 89
8311 8357 1911
8409 8477 6242
8531 8549 4519
8656 8676 6909
8716 8747 5152
8875 8817 394
8937 8974 4464
9000 9065 4782
9191 9151 1732
9202 9235 1543
9389 9356 6108
9459 9458 3016
9530 9546 9599
9606 9641 6974
9739 9785 2475
9819 9878 2731
9978 9905 2676
10013 10057 4100
10194 10180 2358
10247 10209 1899
10336 10385 155
10460 10426 768
10549 10570 1585
10689 10685 2841
10787 10730 9341
10828 10876 8225
10925 10991 7614
11003 11008 1202
11164 11115 4157
11236 11268 3203
11314 11353 10042
11410 11472 9671
11593 11564 9188
11697 11655 9538
11763 11710 3958
11841 11898 4158
11929 11926 10091
12005 12075 237
12108 12139 11191
12220 12249 8246
12365 12358 204
12465 12454 1858
12511 12555 12510
12614 12641 4204
12753 12708 7981
12860 12868 9643
12943 12999 1296
13009 13085 10318
13129 13158 10083
13204 13219 3021
13397 13339 3769
13410 13445 11109
13518 13560 6291
13664 13681 11471
13771 13735 6281
13800 13809 8600
13903 13992 3868
14077 14072 8547
14149 14128 4691
14228 14266 10913
14309 14357 3378
14411 14439 9011
14522 14545 12439
14676 14636 4566
14711 14751 7789
14893 14873 8603
14967 14989 928
15051 15046 10904
15197 15199 1020
15227 15264 4197
15349 15374 7062
15456 15486 8684
15589 15505 964
15664 15669 4257
15736 15759 14821
15811 15863 1627
15959 15956 1900
16032 16076 9392
16148 16130 8722
16269 16253 8843
16374 16359 2907
16424 16472 12669
16557 16517 12425
16678 16657 12149
16709 16705 954
16883 16866 3819
16936 16968 16222
17018 17050 8570
17191 17113 13797
17217 17255 16873
17330 17386 16333
17473 17403 13924
17541 17573 7873
17606 17624 12172
17785 17780 2662
17847 17822 14874
17958 17964 2969
18074 18022 9457
18197 18192 7083
18264 18225 13673
18359 18324 12834
18471 18475 13130
18514 18517 9548
18610 18685 3924
18787 18768 8503
18821 18873 5887
18996 18975 6203
19080 19024 15943
19107 19180 18758
19213 19208 15944
19392 19314 179
19423 19452 15453
19580 19532 11085
19679 19667 12406
19762 19751 6242
19855 19861 13726
19935 19998 16108
20096 20004 3161
20153 20174 9026
20289 20222 19010
20394 20396 10354
20477 20448 8921
20527 20569 4058
20672 20645 7435
20769 20765 9095
20871 20849 4283
20940 20954 13155
21084 21044 14038
21174 21177 20393
21291 21236 197
21373 21322 14968
21422 21466 16361
21574 21581 686
21655 21618 3390
21728 21730 13232
21841 21882 19276
21989 21960 21797
22061 22060 3669
22150 22197 7291
22230 22230 17595
22366 22326 16011
22478 22445 14140
22515 22525 18259
22688 22683 12974
22734 22770 19524
22845 22879 22782
22915 22969 2609
23030 23062 4013
23167 23101 2740
23208 23252 1990
23331 23321 5341
23488 23430 14196
23596 23513 2768
23636 23651 2819
23783 23751 3678
23819 23874 23340
23966 23950 13621
24029 24080 17800
24148 24111 3836
24280 24284 5905
24387 24314 10701
24418 24427 14281
24571 24587 17846
24645 24643 11652
24795 24727 3318
24830 24886 24738
24932 24927 9465
25093 25043 8093
25147 25172 10728
25225 25212 7020
25317 25392 22568
25479 25417 22332
25508 25562 23411
25641 25627 21358
25709 25706 23182
25803 25812 17941
25948 25909 6749
26003 26032 21814
26187 26125 13216
26261 26285 26226
26316 26326 8761
26489 26450 11107
26537 26576 15058
26690 26676 3977
26742 26790 9581
26841 26889 22673
26993 26935 26034
27086 27057 18791
27193 27187 4551
27216 27233 26426
27364 27321 8069
27422 27408 6198
27541 27545 19623
27689 27679 9667
27763 27717 1869
27804 27848 24817
27993 27983 22957
28017 28070 19579
28140 28118 15402
28213 28216 25100
28312 28365 24900
28494 28409 3929
28594 28592 5571
28687 28644 8790
28793 28767 6921
28872 28802 22513
28959 28995 16186
29035 29052 23492
29165 29158 10727
29284 29236 13702
29396 29330 1841
29496 29479 4749
29570 29503 1490
29688 29661 3000
29772 29777 4107
29818 29857 16048
29976 29934 11143
30009 30098 26036
30103 30129 10477
30250 30299 12074
30358 30332 13934
30422 30408 3603
30533 30509 22682
30691 30671 7878
30705 30710 19614
30801 30804 6802
30937 30974 21899
31039 31074 29450
31121 31150 7093
31278 31231 27911
31369 31301 29284
31420 31478 22595
31544 31589 24411
31604 31626 8521
31713 31775 22485
31845 31855 2665
31926 31939 20526
32053 32074 17890
32156 32137 24531
32240 32262 24493
32332 32308 5975
32495 32486 30835
32580 32517 457
32655 32651 16478
32713 32716 19981
32824 32852 13538
32912 32957 23362
33067 33048 23353
33125 33105 8174
33225 33232 10250
33357 33360 963
33425 33456 1364
33541 33581 493
33685 33667 5643
33745 33719 21697
33804 33845 25539
33997 33938 12996
34060 34091 17637
34123 34169 24494
34283 34224 30743
34364 34309 24412
34484 34436 26316
34596 34587 16653
34692 34695 33985
34710 34708 12600
34836 34846 24702
34938 34926 18746
35091 35011 10042
35100 35124 8072
35293 35294 10129
35379 35328 23663
35433 35441 34527
35524 35513 19664
35648 35658 11284
35752 35713 13069
35840 35847 23055
35973 35946 25865
36030 36001 32023
36159 36130 27106
36201 36293 20380
36392 36309 26728
36481 36452 16494
36502 36507 15109
36647 36686 15891
36799 36742 14174
36866 36809 33402
36973 36967 35101
37022 37065 6339
37146 37120 20353
37251 37232 15697
37325 37314 7584
37446 37440 107
37565 37562 35505
37644 37689 37137
37782 37716 31057
37844 37866 707
37905 37917 33475
38096 38061 37451
38175 38101 31522
38280 38272 16647
38370 38380 30960
38448 38452 35764
38541 38516 21966
38624 38691 10687
38702 38791 6020
38832 38822 37086
38977 38963 23585
39086 39055 33146
39187 39114 37902
39223 39235 37273
39372 39311 32029
39473 39414 35381
39594 39552 24733
39636 39694 15582
39764 39724 12227
39896 39887 17166
39924 39903 26625
40013 40063 5477
40192 40123 36112
40217 40215 15023
40302 40324 3671
40476 40447 36282
40572 40520 25439
40665 40627 23967
40721 40761 3060
40803 40884 8933
40925 40929 15691
41008 41082 39446
41155 41175 4999
41215 41269 4770
41325 41380 5465
41452 41400 3326
41552 41527 30207
41612 41632 21935
41712 41752 6083
41899 41820 3042
41908 41995 10324
42059 42081 6248
42149 42148 6630
42213 42254 36299
42383 42369 23126
42491 42405 40074
42570 42513 34053
42676 42606 11857
42789 42798 23015
42821 42874 15600
42996 42929 20802
43069 43034 13504
43187 43122 26873
43214 43223 5707
43373 43396 35889
43490 43445 29168
43521 43587 20465
43698 43647 15733
43761 43777 8903
43859 43877 5030
43957 43931 33544
44002 44030 42716
44145 44136 35485
44268 44208 42644
44315 44398 28311
44445 44418 1881
44596 44596 4936
44604 44602 35212
44735 44701 34132
44880 44862 14965
44960 44950 23393
45003 45062 3421
45186 45124 10530
45251 45297 39261
45333 45303 31964
45489 45409 7799
45507 45531 34484
45669 45663 42409
45729 45723 36672
45840 45823 12820
45948 45966 1170
46079 46066 26256
46129 46124 956
46217 46217 5442
46385 46381 6131
46406 46498 42589
46537 46533 32239
46661 46684 34204
46798 46765 11396
46827 46850 37067
46947 46927 39562
47024 47091 16565
47153 47163 35186
47261 47207 44048
47341 47320 3765
47478 47411 5078
47592 47558 17544
47696 47630 47622
47738 47713 7375
47804 47872 22633
47956 47937 39641
48058 48011 47957
48132 48117 41535
48216 48219 28873
48344 48366 40622
48435 48478 30541
48563 48586 45509
48670 48672 506
48795 48737 2216
48800 48821 6528
48908 48958 20937
49054 49064 4332
49115 49103 30596
49249 49268 9409
49328 49389 26109
49411 49490 6782
49526 49507 38694
49637 49698 47192
49773 49749 5383
49830 49801 15507
49919 49978 31306
50000 50099 17410
50140 50142 46508
50273 50208 40650
50307 50360 41220
50452 50466 47218
50595 50541 10426
50698 50649 36801
50722 50706 33496
50836 50887 41624
50941 50943 29360
51098 51007 11768
51163 51195 42027
51264 51291 46184
51354 51324 13165
51470 51473 32991
51561 51536 28967
51634 51653 2428
51792 51721 25471
51890 51887 18442
51926 51963 29491
52040 52088 31857
52150 52191 42748
52260 52266 41695
52390 52305 39992
52430 52431 51640
52574 52560 38153
52629 52660 41032
52753 52772 21038
52894 52884 50586
52923 52975 12112
53003 53095 1227
53100 53184 35023
53280 53248 53178
53322 53354 38102
53412 53416 2153
53548 53554 35172
53609 53639 49753
53786 53719 20675
53873 53806 40039
53977 53917 3927
54067 54004 12917
54124 54143 20930
54264 54280 46603
54358 54306 18708
54401 54478 18616
54511 54572 11010
54623 54629 27081
54753 54706 18515
54879 54890 36752
54919 54989 37219
55090 55030 40452
55135 55150 32541
55299 55288 52651
55397 55342 9456
55409 55488 28205
55502 55559 11576
55699 55625 45068
55799 55716 23575
55894 55832 17511
55911 55992 15929
56058 56064 33946
56106 56186 8795
56279 56215 42937
56346 56374 31490
56455 56492 93
56556 56562 7185
56678 56638 6281
56748 56786 15878
56800 56818 18549
56908 56950 15850
57076 57037 16479
57138 57115 53895
57203 57235 32143
57381 57307 36953
57452 57498 52924
57570 57527 25317
57657 57622 340
57760 57782 35788
57889 57847 45683
57945 57991 10365
58043 58027 18824
58116 58101 56385
58218 58223 34758
58311 58380 54506
58472 58425 15761
58583 58523 2237
58619 58661 28717
58722 58792 55848
58823 58831 15591
58973 58901 8190
59032 59045 56975
59129 59133 57112
59205 59247 25598
59303 59385 31151
59406 59404 30316
59510 59590 16472
59625 59697 19519
59782 59753 16752
59836 59880 8756
59944 59936 33662
60027 60043 34974
60104 60125 40686
60256 60212 1020
60304 60367 22606
60420 60436 22743
60555 60543 15063
60681 60604 53950
60718 60784 47418
60829 60803 49538
60948 60964 53341
61085 61084 10712
61156 61198 5411
61213 61273 39631
61315 61301 30298
61491 61414 14607
61534 61582 48977
61680 61648 24197
61735 61758 2860
61835 61895 50051
61926 61931 52238
62065 62081 36579
62173 62171 56013
62205 62276 49899
62310 62321 39962
62463 62428 17063
62515 62501 42042
62673 62636 4322
62767 62758 44923
62851 62894 4008
62920 62980 25810
63078 63019 25487
63178 63146 27316
63207 63243 27267
63304 63345 11049
63471 63460 59304
63589 63583 30537
63634 63603 49162
63738 63784 37598
63807 63888 18021
63949 63966 57669
64092 64057 48657
64164 64122 53236
64234 64247 23710
64321 64347 16693
64442 64420 22689
64547 64557 62644
64698 64664 42751
64727 64738 13819
64870 64882 37915
64987 64991 23065
65085 65086 13575
65112 65146 54405
65240 65243 30082
65367 65304 59163
65441 65458 6487
65585 65578 8676
65692 65610 47883
65730 65765 49380
65880 65897 32539
65957 65935 21414
66010 66010 52327
66114 66181 35249
66240 66218 19805
66383 66332 48474
66412 66474 20644
66512 66599 50895
66611 66624 58370
66745 66700 55364
66873 66819 28374
66908 66918 4425
67020 67097 51484
67101 67128 32050
67274 67219 53981
67327 67317 61017
67464 67463 66761
67557 67506 48921
67651 67665 60126
67776 67764 19301
67827 67893 16988
67934 67929 16785
68004 68019 6008
68147 68195 47944
68252 68212 5481
68321 68353 38686
68430 68431 54433
68532 68501 21189
68638 68698 45013
68736 68741 16602
68869 68893 39277
68996 68955 36583
69016 69046 24211
69172 69176 49318
69207 69269 56038
69309 69324 62097
69439 69439 32468
69559 69520 30645
69691 69690 47984
69752 69700 40909
69880 69892 13447
69904 69941 26620
70082 70093 64255
70139 70192 19852
70259 70221 22608
70351 70384 25382
70452 70429 65772
70532 70555 31102
70621 70644 43563
70727 70753 22058
70874 70814 30656
70900 70996 36229
71033 71085 1954
71102 71178 3020
71245 71235 52835
71391 71321 38568
71433 71401 8040
71545 71545 67750
71603 71606 46543
71707 71758 2992
71857 71872 33066
71948 71973 34087
72037 72036 50763
72123 72110 26803
72209 72251 27471
72318 72335 52764
72499 72472 63227
72511 72520 22643
72693 72615 48947
72724 72759 54454
72872 72862 831
72901 72969 71030
73082 73054 1588
73128 73153 48691
73286 73216 68237
73377 73317 22650
73420 73405 17756
73515 73579 48289
73672 73691 35587
73765 73762 37083
73803 73880 63184
73903 73976 16911
74005 74079 21968
74187 74132 68473
74286 74283 51499
74354 74385 36076
74415 74411 44952
74594 74530 38861
74628 74661 70878
74767 74749 48687
74801 74809 899
74955 74945 29866
75084 75000 6900
75194 75173 49313
75227 75253 30207
75315 75385 4803
75431 75417 59533
75512 75582 30286
75666 75640 68442
75788 75767 54270
75881 75807 11729
75976 75972 36599
76062 76000 486
76135 76199 16982
76235 76226 4789
76313 76316 53323
76425 76432 27023
76516 76570 65913
76677 76685 76251
76761 76717 13587
76828 76850 67945
76941 76977 59478
77092 77009 67787
77173 77138 41958
77295 77272 63664
77357 77390 58996
77456 77473 55419
77556 77589 64184
77654 77602 10555
77714 77778 58094
77852 77882 1341
77917 77997 60744
78012 78047 74290
78114 78189 66176
78252 78244 1524
78326 78309 58430
78432 78455 37465
78538 78589 2846
78638 78643 62731
78788 78702 73943
78851 78838 8505
78985 78990 37552
79057 79070 16871
79169 79154 36576
79267 79212 22983
79309 79343 67347
79406 79495 59782
79550 79557 14993
79699 79649 74120
79740 79769 31560
79866 79814 37477
79995 79924 78660
80047 80091 10815
80105 80186 51934
80277 80209 59520
80339 80357 22130
80427 80483 73107
80538 80597 12461
80613 80658 22989
80737 80768 59519
80870 80819 38535
80940 80934 48531
81074 81089 37819
81160 81162 73463
81266 81262 45330
81338 81339 4700
81448 81417 25885
81585 81558 16930
81621 81696 78480
81766 81738 70400
81810 81880 57877
81900 81902 64645
82008 82092 41141
82165 82150 36884
82227 82294 79969
82324 82309 47038
82465 82426 50394
82593 82596 57102
82671 82676 26491
82757 82700 5579
82838 82807 77789
82992 82966 36404
83030 83035 2326
83109 83101 35824
83276 83297 60746
83352 83319 33194
83421 83405 12416
83517 83593 29383
83674 83684 62284
83788 83790 52234
83898 83813 54967
83986 83956 79122
84053 84037 13828
84187 84193 80049
84223 84279 54468
84398 84377 3784
84457 84428 56820
84599 84515 78502
84610 84637 6116
84721 84789 59955
84835 84826 5890
84989 84952 24536
85059 85070 71320
85171 85119 30760
85203 85230 80863
85387 85366 29961
85400 85412 74541
85558 85503 7904
85679 85664 53147
85728 85734 71471
85816 85881 5541
85941 85959 47782
86004 86055 81362
86148 86129 34499
86277 86296 25032
86318 86320 85192
86491 86454 72835
86555 86558 31707
86664 86629 61467
86771 86789 29655
86847 86870 42398
86951 86940 24072
87025 87088 39547
87191 87124 84454
87289 87272 5043
87365 87301 39662
87447 87458 51713
87505 87596 4479
87644 87610 40748
87716 87779 32726
87871 87879 68711
87948 87924 54058
88054 88002 47483
88181 88156 62946
88279 88238 34791
88328 88323 66207
88448 88488 15742
88559 88500 74668
88600 88672 36135
88759 88742 13960
88821 88890 52978
88954 88944 27835
89043 89068 88197
89166 89197 54970
89274 89238 18873
89367 89384 43349
89461 89446 70522
89522 89558 82106
89643 89604 37360
89783 89796 47981
89891 89805 89783
89914 89969 8209
90069 90096 84573
90158 90124 20051
90242 90238 12600
90363 90300 48743
90417 90411 50698
90535 90593 20908
90604 90625 78418
90796 90711 38857
90823 90863 27335
90952 90968 9461
91045 91003 37927
91166 91180 46717
91286 91253 81858
91302 91380 35451
91497 91468 11731
91576 91599 90069
91688 91612 62699
91766 91773 29850
91826 91859 51230
91900 91919 52583
92074 92043 78334
92116 92113 43798
92213 92240 49518
92302 92366 20101
92482 92411 56870
92565 92576 13032
92626 92601 33689
92722 92781 25357
92866 92828 17848
92922 92992 29833
93099 93022 51817
93170 93178 92962
93295 93224 68818
93381 93361 88085
93423 93446 77597
93583 93525 7600
93652 93671 49990
93782 93757 53831
93879 93876 28605
93988 93989 57416
94079 94061 25405
94125 94181 82808
94222 94290 72924
94360 94322 3430
94418 94415 39444
94542 94598 58174
94627 94651 34192
94747 94703 7993
94855 94815 69913
94976 94901 6026
95024 95076 23155
95156 95117 32266
95206 95296 55127
95324 95315 45356
95464 95421 42884
95568 95598 62525
95690 95658 52013
95719 95703 75377
95888 95891 53883
95985 95920 229
96015 96013 52005
96124 96156 63292
96215 96266 43347
96344 96327 33852
96402 96447 67802
96597 96588 43446
96673 96604 50515
96785 96738 42872
96865 96804 13145
96950 96949 49315
97094 97060 25786
97115 97100 51385
97219 97236 43596
97317 97351 93852
97472 97457 36901
97576 97544 19753
97660 97652 59693
97722 97787 66918
97890 97873 74791
97985 97926 29126
98011 98060 28644
98184 98155 62427
98286 98287 20547
98337 98300 51659
98464 98443 51903
98536 98547 5794
98621 98619 17537
98740 98750 3852
98801 98818 39448
98959 98929 3982
99053 99051 85177
99112 99107 69912
99279 99298 43549
99355 99392 35379
99454 99400 67366
99535 99569 31811
99657 99626 74783
99701 99775 50612
99863 99859 32336
99957 99903 67897
