581
86803 30799 92989
93153 65608 51715
35285 39173 36383
54166 76227 14525
87086 26513 96189
30669 75926 51517
55881 69553 91308
28721 94281 13577
46761 55923 94840
85467 60325 41824
40903 47579 88284
28922 41970 80885
36036 12067 81873
17110 97509 99998
66293 68223 32375
54807 83568 79513
91392 99690 14907
19088 30943 79141
61710 34217 33261
73125 61808 70768
82724 99835 13850
11188 62420 213
66339 74780 87382
56879 71292 69089
78901 75354 16553
49352 13247 35655
90453 77039 16552
38014 37037 62221
79018 89343 6044
15840 52004 891
54592 25677 407
79749 39316 56684
90719 94618 42626
54789 91350 26579
31576 76590 50535
65757 84305 82070
98147 66801 75921
45196 34366 27709
31394 5561 5708
30795 20293 4626
75975 43004 41485
22581 15655 70366
29759 22019 58882
8144 95660 83882
95945 6004 11404
75098 23628 92944
59893 10714 91208
55968 98151 45174
72714 79873 41165
62349 87282 27828
41934 147 66686
48288 48964 89413
77949 90538 73560
12530 39071 86070
10082 3444 95179
9236 91863 96624
18189 38698 20331
7079 78773 47047
78678 4614 96551
1638 99762 56176
49837 21121 96039
62193 81599 33471
75639 13248 36596
98442 85040 24995
91913 6198 73402
27885 64650 25171
64041 29966 15569
35568 21992 80518
22895 5979 16268
35454 47801 10375
6693 98222 28743
14398 80745 47905
92486 48006 86544
78120 31718 27216
52932 73779 93370
2634 56669 92717
25524 9896 68461
48084 63307 17344
8168 36863 77018
64204 9019 14248
62857 28912 69052
67920 59322 84456
37329 59291 60576
52300 55260 10962
59522 14655 80977
95821 82599 263
75676 48443 48231
75636 35510 20997
87830 45958 87678
49307 81366 26041
88438 87877 39527
92518 53447 74935
56990 864 71794
62894 78217 23212
56221 26719 90275
18381 22465 57243
40869 44673 5730
19357 98193 93266
80134 23923 12354
77876 33395 2470
53433 18349 29660
81888 11791 53644
59873 64612 22364
42891 63293 43564
69088 12541 81413
17100 44660 91902
69832 45764 3516
47247 63096 66635
43456 1413 80909
53271 98791 88535
29244 41732 89446
41262 10600 45332
45240 85512 69530
61002 86313 74737
22122 71817 49265
5087 97593 97672
73729 70622 39402
58014 49756 4518
91967 91810 48680
46957 5809 91121
20471 41842 376
57732 48024 89374
97343 46084 80249
17954 4129 42508
93089 38164 11132
73088 2300 84075
21160 1134 50017
49483 7777 26728
78137 16444 1749
66572 21816 83556
59842 54442 41059
19380 46043 75130
67000 52135 35964
80466 24066 96474
91824 41936 34520
31901 47803 28209
81998 69100 63282
97190 62044 28583
63883 46229 81039
57634 52587 95394
7586 24715 66553
96165 16500 52404
82872 72840 15655
78136 95647 16462
71037 97476 26340
97614 20747 86619
87828 84337 23061
32627 41187 85208
46033 88835 12437
26654 73548 17066
10768 75700 85437
57775 53178 10787
61670 39952 82888
33201 33627 66071
96516 42042 61182
64869 12425 79941
28778 70709 49627
61755 68476 90649
20217 24779 42698
50757 10769 75613
18055 22404 75813
21170 60938 68429
45226 78066 714
88638 6614 44833
76358 71631 9384
17096 77106 31477
72418 63214 51375
14789 35889 95570
90025 12786 17659
77678 85505 31862
76349 73292 66775
40477 94239 74765
99615 90036 78925
59616 22877 16394
68498 95109 40039
53250 12236 23944
84880 40844 33475
72111 96447 93532
81113 90661 80007
14030 82694 87181
40814 59018 8221
40969 99507 46438
96417 79463 46771
84479 82851 65791
47737 5847 92617
80848 40007 2575
87867 38778 1295
44418 34131 50612
61648 25596 85486
41908 8869 78732
7468 27128 78789
81327 56612 1258
13193 14281 47739
92532 20464 47041
75141 5080 81562
61046 44064 45602
96788 8859 63541
34797 25967 61444
6594 62772 69733
88692 59002 49252
34317 10474 73852
11356 3874 41681
85230 18533 19067
92097 3313 21209
89194 37638 61794
51239 12444 33041
62761 66461 88905
60527 58507 93939
75107 83198 89567
60298 91613 44672
14251 61479 75472
62308 85824 26959
98312 17803 86400
51902 68293 30727
27462 38524 31146
167 79019 68169
41438 5802 84982
73549 47090 20797
66573 16477 95562
60057 21230 98349
28850 42208 44992
86934 78608 6185
82009 50868 81862
68178 32782 37540
8857 12948 14873
1541 15545 38675
67111 74276 55831
99057 18102 46308
45083 29493 50844
34668 77796 9194
58258 45013 37719
62714 94942 62359
50259 1277 86157
63375 44168 66570
1497 50204 60215
94490 80244 25805
28386 85193 70636
17423 46347 26196
35404 20491 6013
88534 35567 79354
80878 45050 79580
37803 84232 1291
79892 70196 76672
96496 83361 77854
81965 23309 22099
26451 70727 42281
99647 40774 14511
23235 73545 79164
92219 78610 65176
70649 34202 497
67213 91740 92779
33757 93536 2882
86630 63743 55653
73762 57185 67098
95950 39093 66235
86118 2023 35652
27703 53827 39052
92178 48681 72791
30368 9467 21443
77716 71061 90171
16918 82541 9110
47678 41006 82517
81054 7564 76029
25424 23640 86689
26690 4139 98717
39807 7430 86049
7865 44587 9067
8463 32379 45912
76385 73223 89071
31640 93243 90655
25242 94082 46019
16777 9351 9339
55625 29937 655
46905 45965 15702
98043 24158 14043
93332 21076 71490
27765 59796 86681
70797 89001 273
94530 14553 24842
69177 45351 71498
38202 85299 59587
58556 29597 55726
82903 39765 90616
81657 89999 85204
26319 45161 48450
37560 53786 5041
96995 79209 43793
67307 6983 43921
64341 50470 17447
89607 36520 87769
51809 17909 96280
84903 15966 50975
85189 10612 1879
31149 4791 68696
47948 89345 57238
10836 18902 60967
18505 67814 71974
27619 30844 75666
71027 10333 51751
23969 36695 50
4578 50275 97252
26345 38002 7807
78965 88090 33670
19867 89780 56733
7213 27147 28139
59751 52622 65431
61299 72561 64347
29574 39191 4726
62769 85729 86624
96931 83809 88624
25230 8262 4160
78515 23966 48602
81952 63214 65893
61173 12451 53504
16428 67509 26516
61634 85431 57685
39798 14283 33966
86496 22566 75351
67394 96439 96806
79176 7936 58254
50274 91719 90256
65428 26759 31014
33905 17551 49347
60432 14013 73619
80380 82418 25182
28530 5883 90202
66477 57799 54531
72311 92966 80815
78266 93130 3603
29000 52981 39248
86785 89999 1834
83449 37348 39915
83311 46735 24934
71716 1219 6126
34058 36733 3460
20624 91571 51881
85280 77212 42193
12993 40783 98675
97945 46712 48927
77303 43670 35243
40048 48815 31771
96488 34324 69028
44440 2566 92354
23199 87787 25927
76279 95893 78380
76959 42393 67865
58284 6966 89694
80383 33089 18168
39743 14879 26509
86887 4494 504
1624 6329 27245
91943 94119 25156
32425 77436 88859
65719 11813 11224
67469 79495 32859
20740 89250 69544
69775 38086 34214
54477 48755 94623
23465 25919 3012
30111 6474 29253
81179 37003 73959
57664 66597 80027
91316 89313 25240
6119 1806 65011
91471 59242 98659
60095 16715 79335
66188 93788 10126
74827 5530 17163
36267 95467 10060
86522 11119 29967
49399 12226 52989
80601 39373 97637
66507 12749 98671
65137 84187 984
76418 3550 41632
78520 32986 81560
57132 34936 30825
44797 16994 77949
86825 85772 12071
27611 98436 78431
25940 20089 73727
44735 6111 71891
80316 68581 51578
50230 96754 66989
49235 5054 77768
28828 23251 21628
34823 8180 78866
20770 87279 86005
10641 89630 69123
53312 98045 48441
94689 46318 36434
95907 29883 94084
13452 21650 98746
9500 76886 5439
62582 35767 52100
41755 80641 24768
65167 92024 48763
83717 44167 74448
37859 48391 96988
88651 91482 94521
33388 88769 6489
26137 15554 86425
59620 35038 72416
12328 86319 74364
90974 80890 93484
98680 97776 48097
77899 25103 73323
6540 34043 41320
92892 57744 13743
49651 54487 16280
45207 37156 89030
91793 64244 45931
38512 51224 9385
47192 28869 38473
50808 6063 39522
22919 94907 50001
59733 58445 70701
47815 59565 36390
40512 80352 6134
69478 3099 94544
65376 2774 69486
74410 17991 6138
63358 29099 1081
91712 44459 77537
27912 66203 88286
39971 30814 4983
39080 26026 16001
48088 13067 42279
34178 45814 74977
3032 6799 63309
5951 45098 81109
1679 52421 93923
85979 19771 61349
16960 7845 75511
17386 34867 44209
61156 18847 597
86567 43145 98074
2484 61896 20957
64883 19473 88917
97095 67786 30242
38548 83927 23985
42077 40935 86215
96683 66280 8027
710 10295 11161
66244 3135 60403
9045 73731 22032
90093 78560 51456
73370 35032 24472
52037 39043 17438
85951 90037 7233
68232 56483 87069
11503 30242 99408
89378 44166 15192
91529 37022 15299
7157 99033 61112
5931 24239 5893
23427 82326 99353
77661 23998 24795
51250 24685 61656
47267 96879 94362
94382 62590 41125
83255 11187 86712
19406 13446 1023
57882 95 98696
77710 9565 35686
44356 64846 76487
56327 98960 87926
11972 57534 40445
11015 75298 87946
59409 72278 87867
30757 10215 75539
54253 39319 60921
86106 81428 49561
84564 60577 47418
7372 60434 83361
786 49168 68904
13827 1545 4990
64710 36200 50591
96696 95408 83860
16308 61240 38379
48255 85732 96177
51411 95618 81464
51279 50744 15328
68242 53323 88156
37772 5482 73291
88088 41446 17897
2167 75531 81438
56584 79030 33293
63808 95853 81920
84145 4192 28557
75612 20269 45488
35900 13538 33213
9459 15976 68914
93743 64851 88764
9720 87486 54316
45572 92974 78962
79582 36037 96276
86062 80099 90646
65512 53831 91178
47620 67238 53271
50026 23813 9217
9187 41504 38693
18728 78409 87271
68177 42830 84089
48043 45148 76378
12428 85612 52264
38786 3950 39202
43088 14046 20143
45765 84427 27051
12893 16593 47465
50015 38515 39608
84540 69563 56164
63450 47497 28726
59621 88965 23215
59128 52140 27769
35005 9883 10892
77337 79152 44662
36081 92923 27892
99120 57 75553
3801 3068 25185
74438 32954 73153
69914 47380 36847
55418 79654 75130
58718 27397 35058
37659 15740 96518
137 1040 38313
57712 40673 52728
36390 95297 80242
81951 9556 66506
11491 47152 23347
84746 51375 25270
72592 73945 90368
13957 26710 94784
12781 62276 50923
19515 29960 64851
98451 68915 3985
48790 19090 36261
75358 71047 38639
17000 56225 36199
81547 29005 66688
14095 60357 66885
68184 66623 6425
89063 9781 37895
60756 8661 36786
39142 99573 45385
82068 13227 92650
91972 18047 1816
62475 35625 2788
35825 73516 97929
4223 23391 67410
58189 21238 92105
59121 27825 27598
52646 2241 76887
68555 19023 44867
97720 72425 6958
5629 49580 53022
61834 5427 19651
14385 64803 78443
22614 22868 19952
9333 46309 14182
90402 14144 82707
84384 47162 58996
92680 79237 44698
25723 71446 62636
48637 89893 54434
53397 82172 87075
71005 21805 41756
96695 81830 7970
75379 76113 80517
20173 29049 11689
78600 55904 42037
31703 49586 22253
29747 43914 25953
98844 4345 63269
45262 27861 5348
98592 74056 27918
64328 71967 30052
26334 7420 77432
21646 64400 4313
57272 90521 45891
41453 24285 59665
