898
21554 40674 57993
55209 97577 27166
27302 45546 97010
40172 2550 24842
88806 50588 70862
31039 27778 37305
89488 52498 2653
75061 62565 33352
32955 92418 96714
86234 16858 4870
90150 25365 32995
44615 88925 10463
51246 34849 51064
74011 38684 68053
53010 62240 94473
71054 89288 20493
67713 34171 63904
67626 54837 87925
27269 54369 14828
28271 85632 3024
63507 71035 29965
789 46023 37269
2453 53055 55808
92213 36116 8950
50272 40595 15363
2432 42552 34262
90619 62225 852
27908 96888 20976
69091 11571 9942
57715 28979 69529
53909 67197 72416
94888 38888 271
22709 64721 45487
60041 97210 58875
83384 96279 91481
1688 66730 69650
44068 81370 68511
50982 64861 33398
2911 79086 91955
9725 54247 44205
99116 51997 38311
69397 80669 9089
46102 22777 82684
41031 53913 62331
88728 88698 88013
61884 32831 13347
40444 98060 54466
87180 62171 50273
37937 92237 54214
54139 12093 92333
68071 82992 28713
96831 4298 91980
11611 3604 10644
17478 31650 38915
24654 95216 56280
30004 90637 16048
58012 88632 59795
44641 23805 90789
58090 16024 14588
66113 33564 44028
62554 7649 36132
69648 91101 24741
87851 3962 43417
5995 51763 6108
47468 90775 18437
73990 43477 89808
18756 67260 71522
52895 52302 30446
32058 99798 310
36220 59732 47066
64909 37826 519
97955 97024 17467
66388 32800 29315
68036 20037 6321
92572 60726 30926
47766 40323 28401
63308 23842 89067
51453 43262 36794
92824 45653 59209
33749 43180 97051
59279 13345 35452
9681 65704 34340
65232 59104 82174
65919 40278 39727
3757 99930 98465
35190 44815 72142
93765 63760 67206
81307 26671 97625
56408 88981 95695
76458 11349 69826
27224 33551 8206
14769 76529 6264
2169 24191 13726
43229 26064 52201
87110 77310 17942
95876 43329 11733
32513 10701 58342
58971 93649 74541
94080 84817 5251
93585 59623 98345
89182 39981 78095
38035 21154 14782
76501 68495 18907
65678 89878 86208
894 9726 9024
49779 61920 58110
38245 24157 9657
16903 98495 85960
89660 5854 27112
47063 47320 11584
47977 45707 50840
97998 96728 42372
9997 85714 3966
11732 48372 27126
45827 40380 23527
39982 5888 67140
12385 34473 85677
71378 39968 63920
38141 39917 2198
43177 37476 61454
66162 7005 62537
82242 91401 65344
67181 72636 32409
53694 31623 11048
83333 40505 77582
40538 28116 32105
71394 2996 56159
73727 39967 10979
53087 60632 8524
70323 66569 63480
2964 95916 88931
10330 68213 86719
89133 2920 121
53493 93724 40425
95833 52420 79634
36511 99209 19057
35524 1913 84836
51816 77069 84280
72054 37323 63343
22287 30739 8054
53729 8532 27458
22140 870 10002
2495 26505 14429
6616 51377 6561
22267 85629 36950
16213 5511 55970
91122 77347 88497
45642 89730 15338
33220 19960 71294
43300 42696 52825
30170 34945 7042
78150 42186 75104
38833 92723 16040
2896 35022 89571
9563 39258 87112
87839 66761 69080
19273 98737 91811
75930 57969 36456
45591 50108 64237
37640 25403 36492
55109 26091 13191
49598 20052 68176
51407 27735 9750
52439 85187 11739
39556 15985 23309
4681 58545 97075
74685 387 60900
17859 57903 61288
17011 8138 68638
88192 97682 71964
60861 96641 32839
50765 80271 30041
83638 54951 41529
93084 41562 52077
93664 26722 72220
87742 3291 37193
42596 139 9390
24769 97857 31824
57523 85880 64369
45852 36447 44460
66773 33611 57186
88070 77470 94505
90012 99191 40432
37675 89536 96617
6509 79190 68549
67570 23108 24490
53888 21647 77305
16606 74660 92278
72145 29409 48290
45311 19403 49397
20557 77819 53548
84425 43783 13908
97501 42692 30083
84287 7898 81805
72689 10242 97544
15639 78211 30421
24705 7537 3657
42467 40693 10762
87777 56823 43201
24657 28410 59645
93532 11753 77228
97590 61100 93258
268 39181 93152
24219 67385 25041
22448 48341 2476
4000 747 63972
92742 40831 69317
37742 70516 80938
59608 70905 53725
95435 45559 35195
60021 89756 65410
76998 37305 35744
66825 62168 45690
28858 8507 87442
23318 11243 8138
21244 32203 18304
61134 40304 36764
74525 72624 52692
67808 48769 14470
55 16805 42541
6444 6356 26434
20826 34837 93241
8825 21541 60224
85836 71439 80291
15723 15915 34215
60573 72727 11567
66333 72790 85448
63748 55462 81196
2576 47940 5733
91488 8007 4935
51715 29290 75512
71507 3228 41812
45670 17296 82482
10722 66862 81736
54593 47316 58883
88230 89650 73331
57509 40974 42183
37352 70297 51565
35722 88908 97293
73730 87232 516
15666 69417 68414
91953 3408 71047
88523 17701 84487
48353 51014 14032
12770 35901 62149
93714 23935 92332
63089 28285 69376
33964 10626 60023
47696 96322 58561
14781 25363 25693
20102 87358 63787
49190 76076 89898
35912 18553 70891
53268 58739 32628
80961 31655 20408
44689 79641 43309
26642 35736 29827
91499 97819 73176
4602 72756 18976
28992 52089 57772
37601 77920 24211
79561 68457 34454
66925 77089 96376
73591 87862 14151
99746 86596 36290
44133 4524 48642
32531 44838 49693
56786 17220 62118
8508 49819 45274
86681 93269 62775
76318 40144 31150
41670 88863 81086
69729 34820 46336
21146 26463 5939
57555 87605 19491
91857 74125 12013
93695 33448 65928
17538 72501 11591
16450 89989 74824
5688 49737 98051
8739 9646 38646
86349 72946 56652
57822 36793 30639
34235 98877 75738
57405 31458 94497
65733 55979 51734
56468 48498 5118
90118 10409 55466
61445 82688 73165
72559 24404 3856
96400 77313 74125
21688 23802 90317
64444 4293 33977
33308 72750 9974
58461 47560 75667
82004 25147 29820
93231 15094 99302
33028 16454 81390
51292 14039 86349
22737 34771 6886
24265 70573 73108
39524 97754 31085
50376 71864 39244
33599 39194 72779
79452 81522 70608
21767 31893 97384
97461 16237 89160
29085 70094 17980
44079 34552 20730
48007 66498 52219
75391 85362 60409
88947 49563 22011
11805 62291 78475
11150 49160 45898
85413 32234 13483
31651 96511 48260
49121 72984 7236
6919 28012 87919
90260 73483 33403
17651 97010 93918
44413 50633 36706
99983 78979 19727
46713 53492 7557
29026 82886 30418
79048 59108 51501
92174 969 80528
13636 72396 71201
55919 59087 92232
70006 49237 36095
87385 62939 83400
43484 21384 41381
77124 41504 1218
3206 32284 6100
22958 84934 50688
69554 73687 23042
9768 11813 51494
4072 93843 47972
22866 58798 67716
89798 59289 92029
1007 36626 47584
93086 70879 54579
4398 57411 87954
17864 52009 11587
3067 24438 22442
12430 95370 22330
58233 53983 10748
86827 28755 79501
45672 3236 2096
69857 41163 4680
48947 99805 24369
78413 58865 23139
75326 49012 23584
74412 62051 83982
63964 22887 94856
13396 77829 93110
84836 67078 49043
87630 18536 23239
99584 12870 12936
35034 47147 25271
6810 7276 94387
64449 96495 25122
71941 45024 35000
28831 25439 92121
26531 45022 12730
87988 52582 4402
14182 53582 31674
45274 62672 32613
72756 30020 2428
26680 43013 19954
65214 49265 85326
34515 47534 33061
96923 6621 26564
1387 1351 91168
48377 41377 25612
67706 82374 45241
23278 20065 31064
92949 79124 12267
71516 48139 55806
9173 70496 22928
41865 68543 532
52643 1136 55007
51123 83226 8330
6078 5108 90485
96554 65124 85902
64092 15203 3021
67 91009 94169
2799 27833 18546
18591 89593 69152
12673 10891 39800
26466 76007 97511
56296 63948 73049
52069 19285 39793
41206 77452 49840
14096 24363 96736
99794 86114 67113
61767 88380 4291
39298 70087 92486
91330 25164 52459
15789 35424 78688
12028 97304 75492
6204 88504 10001
10026 31791 75900
52596 1707 70429
96708 95557 61507
11783 55245 35633
29596 26629 92931
80744 26591 16357
82816 87686 98513
77373 78341 88384
51900 96919 6608
57346 47243 45842
43827 48504 20280
89553 42360 20869
35777 37536 16369
64115 44139 71605
26281 5638 52208
97817 3517 33146
90625 20607 81638
30718 55259 98479
85183 66859 96242
24529 11053 20110
63085 7490 99801
36322 98791 82377
60334 27543 12803
36850 58321 76145
207 69596 19892
41245 95614 16433
33045 89379 63841
57508 28087 25678
94784 23680 72858
44840 32966 40316
79178 6889 10817
94316 39233 78697
22123 49656 68374
32691 10245 18148
39704 16630 27666
24050 50636 22054
34991 70972 70643
76965 2458 36349
63400 15940 23058
64475 26872 33284
80027 93227 95559
78868 31656 98778
82682 88738 10400
532 63400 6034
75105 89821 15599
11894 42601 59560
89273 35483 10359
3378 1810 8288
59060 76585 43554
84242 79871 36323
92348 24678 29916
49360 38842 15229
48628 61696 58817
73952 98387 70398
69735 93210 38956
60173 26378 59521
94465 73700 13556
72580 72028 27918
92541 79727 66468
90446 42307 77943
19900 84940 36749
84874 70689 24763
64955 82707 92800
71900 86688 32338
81617 67470 91147
67321 27635 80237
36953 7 37990
64722 56046 67290
66823 57743 28673
77740 1947 14354
39923 30132 30854
75588 94220 34293
88828 60366 86033
62141 65301 29862
34430 46092 54886
68481 81524 77368
9862 64723 80109
38575 4119 3158
81644 90103 80758
938 5101 10240
62718 78329 50247
6090 16983 88582
14839 89813 77328
5599 56771 95098
98302 51448 98227
70 99269 52338
11862 38061 93828
98538 24458 26060
45822 44656 75742
9470 20363 87667
56633 3754 18582
77126 10474 27834
11657 13914 35765
70146 466 62451
42487 3559 66421
38818 40170 55569
8580 35645 6269
63173 27813 46259
16932 64634 96512
60955 15124 20096
80548 33785 58612
30326 56930 98043
51209 24391 97178
23031 36386 5748
78793 94846 55531
47602 39564 98905
95549 74972 59833
3425 11892 79556
41755 90875 78160
73576 69376 26594
91636 14544 25939
19407 75821 99291
45989 50003 57362
99656 95507 65862
97931 93045 86161
64343 35911 24659
88772 31503 63862
90300 43001 92211
3575 63786 77015
9790 50212 26092
78621 17794 74804
62007 79358 15440
30066 44086 80082
55245 54886 22788
47334 22717 67514
26695 2136 89708
10232 56464 29219
12582 98301 20502
13975 93686 33061
37312 5106 35040
33128 47001 32034
39417 94683 33829
84517 36649 38278
86648 2477 69474
83105 1777 66055
95817 15237 82359
99609 92108 10024
24070 86713 68848
29428 97678 43537
12709 79547 74670
67752 24254 93788
51003 62116 25248
9782 64905 88438
68761 76917 4262
71189 54925 5374
64321 39623 57044
16744 27369 82192
22083 70054 15359
88310 75989 96660
79274 77476 55035
99425 53234 61478
36112 3714 7586
1426 98405 34211
86987 82349 20551
86615 42486 96083
65253 6513 55266
4458 25121 91330
32406 30506 78818
55800 16246 98247
8159 40046 51320
66589 22134 40089
23233 76821 52593
52773 49855 23753
92798 27132 50346
25807 19638 53233
2708 70321 8418
94930 41987 69410
51713 78121 64651
16893 47122 37407
65821 41379 72
68640 1479 29590
80275 30330 61372
35590 75575 81032
37841 57760 60095
7528 46918 7825
72533 37130 9767
76661 11750 68870
81324 70800 10538
76723 96453 28716
71266 54827 52401
54337 88614 73965
86335 95689 77544
27800 79731 79330
78151 65999 56972
58025 72687 77490
45716 94405 80223
3670 74355 14741
86631 75630 92751
8380 1364 51614
48043 21987 91717
27431 16994 70186
3923 3020 43016
87334 43127 44449
53121 50241 47066
54006 69801 64556
54184 34487 54235
10111 66723 31839
52240 16815 6214
55615 81128 31804
28646 95809 90167
96575 64225 62014
76389 61751 31252
98540 15611 88730
65148 76509 33709
31360 43025 36555
84935 20127 2234
48716 79432 99039
92431 91217 50626
11836 14419 2520
39625 89866 14898
53718 12275 20020
96393 67367 30343
64424 26669 12209
77111 25961 52833
6008 87301 20987
99987 13231 8029
19324 14309 68548
94312 4951 21131
10186 4494 13418
86038 31655 7358
29876 96186 25507
76030 75055 40443
99804 6512 53399
71163 94422 56985
39662 15139 10669
62736 40879 65732
29614 94544 49342
45785 65706 51250
46106 90856 93518
24641 88478 26336
70199 93013 48970
37346 13169 77165
39702 33985 70442
21814 28489 30883
10399 50698 90792
22179 70907 73002
61529 7493 79252
55333 83566 57667
48347 31568 88121
4447 91644 51232
27156 6383 60756
84808 52660 94939
53796 26497 93768
10138 30520 28674
98345 19665 90215
891 45874 89132
81747 78903 76906
30289 67791 64484
31984 97043 19646
78557 67154 74899
84299 60764 1626
36995 64282 58465
44288 15729 89811
3777 32148 39276
47420 15414 51478
15275 14045 47984
71291 17694 83049
19989 5792 57515
29140 45707 3805
71814 95656 46306
66718 30732 96422
63588 53151 48264
80209 97760 37442
24778 35383 67507
37828 98739 65788
92601 35946 25258
90039 71949 98330
38655 3043 75951
19363 12571 11226
97312 4237 14951
22775 69955 44681
34552 83701 18695
22183 39087 49396
97138 92964 11477
66723 3310 79810
79613 55101 82001
98049 48581 58868
96095 4552 62773
19799 59101 40478
83296 60129 112
77195 19671 41310
28715 71007 44675
78989 12380 31727
85974 97929 71564
64967 77101 88102
9113 55595 50148
74162 11973 77056
27405 90827 92057
15036 77264 55830
77207 42839 75310
92318 40465 10510
8696 98259 93090
87547 69441 7383
77826 49098 79163
71758 82336 73817
38235 90651 93480
79988 46960 31094
21597 49845 51464
70180 64401 13844
31943 19400 10681
48105 45688 29826
48781 86258 77142
58629 7243 34868
67045 84885 14800
80490 68113 99838
34199 84733 84510
41447 45638 12751
23372 84066 76254
5976 97867 35028
63366 91976 13444
96079 20438 64058
37967 68866 49659
4246 2015 51449
48172 54688 47490
34011 43589 6860
30867 22892 95696
35799 66602 43515
78765 59094 51561
72241 36616 31764
37122 32896 27339
1970 54698 4088
85416 25783 3921
74026 75131 62833
78378 76981 39474
76894 74381 85659
38930 72034 31540
97903 23549 89884
80381 58673 2909
58817 23911 3427
30137 99855 60765
13158 42583 74036
66308 82103 14307
37307 34346 19686
52932 9877 62258
74862 26961 45267
26118 71373 4639
91543 82273 14659
2795 91919 36065
41164 17991 30528
50178 94308 98067
99067 42100 19890
58564 65685 59119
10650 5700 65093
72115 82733 77644
68451 73378 41734
14675 38308 45389
39313 39717 58973
38577 88159 6830
92909 79032 5354
493 18163 16327
11223 69684 19334
22744 34662 84704
50654 60164 62948
75328 73216 22582
89013 75140 98911
83607 66287 54203
84538 2741 77806
32998 30754 59116
87571 93811 4277
21751 37 4372
27374 59600 46211
54102 63838 40650
10178 95358 67303
8429 80183 95112
18532 3499 41514
53896 52000 94566
45182 46177 79985
11025 96054 96871
79897 45160 7800
81563 80495 68159
6660 40580 23598
98243 15310 65716
19753 75749 52833
2167 67171 60919
47033 94521 95972
24202 24030 25031
76316 85021 87020
94534 56208 37131
45623 67577 59620
91567 42882 9513
55521 48495 41695
78081 40048 64851
69536 12652 9286
86005 16655 61809
85122 95068 77109
60182 28146 81460
37728 98740 92605
78747 81810 49139
61436 58849 22150
57326 4426 4946
43127 38530 67264
42229 82850 12964
85271 4131 3278
475 24417 35682
33910 24254 18874
55540 80299 92395
76748 3905 51685
43528 98295 66766
14407 8421 89967
61198 11647 36911
16319 76529 69624
24762 10958 12350
56586 10705 42025
49478 72849 56208
90069 21879 76989
55081 84971 71787
3295 24981 31021
1017 51545 83108
41596 84370 23126
37769 30788 93826
94545 82681 29419
31738 35391 59821
371 40413 84510
11687 15485 41249
20415 84368 25527
52312 88464 60842
20646 35988 79754
17581 80807 57005
92704 55179 11557
95615 21729 936
74291 89817 19601
92587 28634 24063
16675 4568 17270
84888 48157 16898
10969 39690 32171
45321 42661 32501
2455 42654 38834
31126 9413 52524
49359 4002 82576
59098 81844 15289
8045 97642 60124
64562 83460 792
23798 3907 76194
26974 89078 76395
80614 9227 10731
66208 907 55159
19173 43654 27049
17734 61620 3272
38428 51238 70342
51462 35309 1491
15443 64259 31270
36138 88434 48132
95855 45910 20752
69761 78849 50626
27336 37006 88715
19650 16555 2989
66598 22619 8422
62182 97391 25815
70065 67871 84183
93761 56668 25658
47681 77385 62190
65617 52875 39960
46940 70634 75947
27968 17821 29939
17118 40050 43185
42371 32076 55230
7413 38339 84449
85550 77162 63295
54394 91393 97934
36629 7261 98469
76669 71133 26638
76826 36861 57809
21929 87921 78906
9793 14425 77984
84003 65211 66159
84101 5903 87923
81100 46489 62777
96243 90500 81399
74874 86911 56113
1288 83657 94753
27806 25466 54696
63025 29363 45661
96822 61181 22620
58103 1574 77131
32586 55156 50252
55995 2837 59179
55926 21842 87430
68351 70475 98308
62298 92614 95598
23497 95830 97766
82428 83017 60776
96667 48778 97472
1332 46574 60628
62669 98911 26630
81812 20865 34061
44842 15205 25063
78408 85263 74395
5847 96707 28916
87486 17766 55568
9858 10129 50981
48351 85482 31370
43572 51242 26531
30171 88218 86184
92115 84435 50581
31548 65814 59960
6150 43019 34142
90911 38964 18737
